838393152
2001957712
3648453069
2001957754
2001957709
3648453064
838393216
2001957752
2127664389
3648453067
838393150
2001957742
458631522
2001957705
427851205
3648453032
838393203
3648453039
249237069
2001957750
249237060
2508000040
427851241
427851197
838393217
838393169
2001957737
1645501116
2111354728
2507991831
427851234
427851255
458631458
838495956
913282135
838393238
913486712
1645501046
1645501075
2939969321
2507994522
427851224
427851261
913282602
838393122
458640736
838393192
838393207
913486202
1645501153
2939969347
2945827921
838393153
838393190
913282544
560827592
913282614
458640724
913282278
913282491
1863525326
838393173
838393181
938622555
2939969357
2945828442
1873281043
913325818
913486795
1863302955
913282495
913282264
560825530
568360027
561316958
943749271
913282392
913282361
4061305246
913282584
913282597
838393168
838393159
913282330
1863302958
913486092
2958594851
2511131235
915432324
1863302789
1863303009
1863302863
913282443
1863525240
1863525196
560825126
560826996
938524360
568360030
568360048
308723085
943749369
616563786
913325848
4231714014
938522980
913233571
616563732
913282153
913282246
913282275
250075222
838495861
616563764
915432814
1863302942
2958594858
2958594848
2511131257
1873281089
915436677
915436805
1863230993
1863303034
1863302856
1863521664
1395834916
913282279
1863525208
2957089977
560825120
560825127
560825787
560827166
938522358
2704184446
568360049
291542967
458640685
291542978
3268564867
616563794
616563787
938524544
913233869
913325716
913282343
838495958
1863521625
838495952
458640757
1825245998
1645501109
1863302939
2694863479
2511131261
2511131272
2961579581
915433489
2940370438
1825245999
1863230760
1863303063
913081225
1395834915
1395834913
913282500
1863525278
2957089996
2657888917
560829685
938524471
560825793
560827168
560827590
938524685
938524424
938524666
560825111
838801756
838801759
938524070
1863231231
1753807146
939086432
458640696
3698558623
4231714007
938524117
938522440
569682682
4061305247
3648521278
913325846
616563742
943749140
913282427
838495999
1825245996
616563740
1863302961
2694863464
2694863487
2511131238
915433175
915436029
915436729
915436727
1645501060
1873281052
1873280927
1825245997
944888909
1863303171
913282459
1863302785
1863521392
1863302438
913282332
913282589
2957089976
2657888925
2723849268
560830602
962967560
913325755
560829404
938524409
1869899526
938522863
2592537221
566394569
938524722
938523863
938524695
458631477
939086471
938409455
938522588
938409433
938409716
1863231286
458640708
938524403
569682660
943749040
3268565119
3648521280
913325557
913282340
838495964
915433493
616563739
1863303084
2958094334
2694863446
2511131260
915432291
915432393
915436833
1645501066
1873281080
915432318
944888867
1863303238
913282568
1863231552
1863302440
1395838330
913282292
1863525091
2957089969
2657888927
560829726
566394999
962967520
616563691
943749079
569682586
560829527
938522394
938524579
1869899525
938524715
566394246
938524010
1763864248
938523907
458631470
838495877
1800542361
939086478
939086453
938409613
938523151
938522381
291542746
938409583
1863231288
938523066
566394243
938522606
2722903119
569682650
913282411
943749090
913325871
913325620
913282305
3268615170
913325618
915436745
915436793
1863303153
1863303157
915435503
915433526
915433955
1873280945
915472399
906856457
944888923
1863303325
1863230991
1863231553
1395838316
1863302436
913282112
1863521409
560829715
938524557
561316947
962967539
962967595
913325770
913325772
568360020
1809842443
1809842454
938523871
938524156
938523944
2327497319
566394190
938522881
938523160
938409610
1763864242
1763864297
1863231275
1395838315
938524457
1863520268
1395838343
910451486
939086576
939091032
939086541
939086567
1668996806
938409413
938409588
938409674
291542741
1863231289
938522589
2722903090
2722903102
938524572
1863231193
943749038
943749333
3268615167
938524079
913325567
915436031
915474016
915432733
1863303166
1863303216
915432896
915436734
915432604
1873280867
915474420
3067838002
944889345
944889277
944888945
1863525703
1863230759
1863231386
3615428561
458631457
1809842485
2702568907
962967606
913325867
2702748552
2702748544
1809842411
938524449
938522454
2327497317
938524647
938524420
938409480
458640632
3268615172
838495904
938522898
1863520262
1395838339
910451028
939091191
308723214
939086427
939091136
939086464
939086519
458640629
291542986
1863231312
1863231301
4231341761
938522884
938524489
3268615168
943749238
1863231208
838495903
913325596
915434106
915433445
915472523
914642023
561316977
943748954
915434225
1863303168
1863303246
1863303042
1863303299
915433309
915432818
915436689
915433625
1873280866
1863520282
838495996
1863230879
944889369
905062962
1863525871
906856589
1863231134
3615428557
3615428578
838495864
838495881
1809842330
2702568911
2702568913
913325701
943749315
938524561
1870092008
938524492
938524112
938524133
308723081
883993834
1669002267
458640633
938523977
838495962
838495971
910451127
910451348
910549492
458640628
838495935
939091050
939086556
938622410
939086540
1668996795
291542749
1863231349
1863231313
938524085
938523162
4090314577
1863231274
1863231263
913325649
915433518
915432361
915436769
914641739
915474007
915472330
914643088
450633776
943749412
943640690
1863303047
1863303320
1863303262
1863303142
4229441356
1863303176
1863525509
2622332859
915434354
915433915
915433592
1873281087
1863520284
838801766
838801777
1863230908
1863230857
1870091975
944889058
905063012
2211543269
1863525951
906856657
3615428579
838633289
838495928
838495938
1809842336
1809842316
616563694
938522495
938522777
1870092006
938522951
308722765
883993832
1763009595
458640636
458640640
1753807137
838633411
910450616
1309626316
910451334
458640643
838495921
939086544
308719791
939086438
939086479
1668996793
1668996788
938372583
560828945
938372476
1863231387
938524648
1863231276
914642883
915433622
914637036
915474022
915433294
914643317
450633464
943749467
943640520
1863303149
1863302924
1863303306
1863303283
1863302922
4229441355
1863525663
2622332858
915432283
915436742
915432903
2431986395
838801792
838801679
1870091978
1863230916
1863230931
1863230889
1863230890
1863230819
1870091979
944889399
2211543268
944889241
2211543267
2823075817
1863525958
1863230700
3738902426
4229634052
838495888
838633164
838801708
838801733
250075250
1809842478
2657888887
938524565
3171969277
938524705
1849573429
458640700
1763009606
458640638
458640644
1753807148
1753807124
838633203
838835388
910450687
1309626321
267074554
395135106
1668978742
2969951377
939086497
308719788
291542750
566395296
913325582
938372513
1863231278
914637342
914642016
915473933
2825982086
914643887
432874009
943749104
943640724
1863303285
1863302917
1863525765
1863303372
1863302909
4229441354
1863525806
918296443
915432363
1411101708
915432325
1645501137
838801816
838801764
1870091981
1863520326
1863230972
944889007
906856452
2211543266
906856438
2211543258
2823075783
1863525962
1413863725
4229634053
3615428591
838801663
838801778
938622286
838835420
1524403132
1809842360
561316937
938524023
938523225
938522848
1869716945
267247456
267250973
1669002253
1669002247
458640642
938409451
1753807163
1753807100
1753807127
838633449
838633406
838835341
267074522
267197976
1309626331
267074553
458640658
1668978741
2969951369
1665802597
939086578
938622665
939086466
450636716
566395298
943640734
1863231246
1863231283
2126302773
914644685
915472695
2825982087
2825982045
914641536
914637449
432874023
450632353
561316976
1376300244
943684508
2505035602
1863525759
3004653927
904024670
4229441353
1863525882
918296427
918296602
1411101753
1411101724
916416185
1645501047
838801770
838801709
1863520338
1863230830
1863520324
3735852209
838801773
905063232
2127433987
905063392
855724055
1863525995
3738902434
4229634057
1524403125
838835359
838835385
1524403084
1809842341
938522496
938523946
938522395
939091095
267247457
267251591
267251583
1669002240
395135138
1753807193
838633634
2969951378
838633185
838835319
838835311
267197975
267197986
910450838
267074560
458640653
1665802584
939086455
249791141
450637597
1802518250
943640793
1863231144
1863231197
1863231291
914637260
915474408
915474521
1825246057
2825982044
914642478
914643404
914641930
914642832
914636606
450632577
450638389
450635536
943684505
943684553
2504978812
2504970896
1863525485
3738891010
904024499
4229893881
1863525933
918296579
918296608
918296546
1411101749
1411101737
1411101709
916415086
915432855
1863520391
1863520319
3735861932
2432378734
838801692
905063030
905063052
905285018
905063553
3908908655
838835406
905063032
838835403
1809842370
938522515
938524645
938524739
939091128
267247458
267251592
267251584
267251576
1753807161
838495943
2969951375
838835402
838835389
267197967
267197983
267074565
939351675
1805872683
1524403130
450637037
291542988
943641062
1863231112
915472252
2967562700
1825246021
2825982031
914644201
914642896
914644862
914637510
914641630
450631313
450638758
974362888
1870091999
2645722771
943684568
943684513
943641257
2504978800
4229557842
3738891009
904024800
4229441351
1863525961
918296523
918296460
918296838
918296615
918296468
1411101750
916415368
915435205
1863520442
1863520497
1863520280
1863520278
3735861926
838801827
905063118
905063211
905062945
905283925
905281870
2212031059
1863526013
905063348
308720476
1870092001
938523932
938524147
1762944954
267250972
267251595
267251588
267251575
267251587
1753807082
838633475
2969951374
838835386
838835320
838835431
267197973
267197985
267197959
910451034
939351628
1803838672
1803838867
1740172271
249791143
1376276589
1349092014
432874004
915473578
943641155
1825246020
4233044629
918139451
914531696
914637251
914636975
914643458
914643075
914644214
914641205
3661513066
928492447
450639208
1349092028
1376300357
450636275
943641180
943684511
943640771
943640943
2517407770
2911006658
4229557838
3735754812
904024711
4229441350
1863525966
918296458
918296784
918296674
1411101698
1411101747
916415547
915432473
1863520514
1863520592
1863520153
4211898257
3735861938
3735861419
838801734
905062937
2212031054
905063542
905063367
905282713
905284396
905283084
905063305
2212031053
906772272
1863526009
2823075894
4218702281
838835414
938524448
938522409
938522831
938522954
1762945102
249786899
267251590
267197831
267196320
267250981
838633431
838633347
905063547
838835326
838835363
938622300
267197961
910451258
1803838648
1975594397
938622518
938622301
1184506198
692985723
1349092042
345265068
562591589
915473363
915473253
4233044627
918392105
914532798
4235054553
915274325
914642157
914641136
914643531
914637194
928492448
1763141120
450639343
974362889
450642148
943641245
943684524
943640773
943641057
2504978819
4229557835
903987287
2823376816
918296587
918296827
918296475
918296447
1411101710
1411101739
1411101728
1411101699
918184164
916416361
915436710
1863520631
1863520885
1863520149
1863520151
4229604005
838801798
905063213
2212031050
906772214
905063513
905281510
905280192
569927206
905284798
905281015
905063075
2212031046
906772239
1863525841
1863526023
2823075939
905063001
838835350
838835358
938522593
938524438
249786903
267249951
939091176
267196336
267196333
267250985
838801776
905063183
910451552
2127415706
938622281
1275190716
2507534773
1975594409
2127415667
267075224
249823920
432874012
450631428
1869716969
345234471
345265062
943560309
915472406
915473507
915472263
4233044621
918140083
914531520
4235054555
4235054565
915232298
915432900
914530597
914645042
914644205
1763141123
450631435
1349092045
450641631
915474104
943640799
943640712
943640756
943640694
1870092200
1863525460
4233850918
903990012
2823376817
1411061040
1411101715
1411101706
1411061024
2644002480
2644002448
916415510
915432632
1863520686
1863520641
1863520903
1863521202
1796284028
1863520148
4229604003
4229604009
838801826
2212031047
906772305
906772270
905063195
2127422610
905282975
905283810
905282646
905284790
906761323
905283389
1304853437
905281737
905063192
2212031043
855723566
1863525825
2823309553
2823075942
905063500
2127422579
838835364
838835342
277419736
938524459
938522521
938522497
267075194
267196342
267196332
267196334
267250990
2127422573
1811495308
563155251
2127415693
1275190683
1275190749
1975594398
2127415662
938622292
2957312905
3746076260
450636718
1376266471
345234473
345234458
915473919
943559774
3947530961
915473666
915474025
915472763
943640654
915474284
4233044622
4233044618
918139820
918140017
914530334
4235054556
915232310
915232342
915434107
915433454
914529713
914637045
2967264854
1869717014
1869716990
1349091980
1349092053
450641620
915473445
291511684
943640619
943640939
943640958
1870092202
1863525457
1863525163
1863521039
903987384
2823363274
2823376819
1411060946
1411101756
1411060916
1411101757
918184256
1825246092
1863520768
1863520674
1863520849
1863520963
1863521380
1796284010
1863520118
1796284032
4210411925
4229604002
4229595130
2212031041
906772186
906772195
905063061
905280331
905282337
905280624
905281320
906772183
905282262
1863230678
905283969
1796284015
905062973
851689009
855724083
855723951
2823309546
2823309559
2823075914
2823075962
905063193
838835329
838835339
938524098
938522609
938522483
938522370
249786895
267196335
267251016
267250994
2127422578
1811495320
441879075
315999107
2127415704
1275190691
1275190781
1275190828
250100312
2263000350
1794076960
250102742
2957312610
2957312609
3746076255
1376300339
450640191
1376300404
1940318554
562615471
345234455
915472870
345234466
3947530960
915472761
915473924
914642770
915473522
943640352
291511689
915473049
4233044604
4233044625
4233044616
918139845
918140407
918140379
918139948
915232203
915232218
915436819
915472594
1645502390
914529422
914636876
2967264859
1763141111
432874010
1869717011
1349092069
1869717019
1349091990
1376300359
915474013
943640998
943641028
2645265833
1863525768
1863525014
1863231579
1863525456
1863521076
1863520738
903987630
2823363280
2823376820
1411060985
1411101720
1411061011
1411101703
1411122929
1825246091
1825246094
1863520759
1863521029
1863521037
1863521382
1863521628
4229604000
4229595124
906762262
2212031035
906772208
905063354
2127422607
905280690
905285009
905281973
905282235
905283704
905280675
906818746
2906748876
905281491
3735870541
905115808
906772205
906772191
851691366
855723581
2823307295
2823309544
2823309576
2823309558
2823075968
910451475
938524418
249786893
4083435341
1811495325
441879079
442789387
315999114
1275190693
267197963
1275190739
250100314
448444388
1805872658
249823823
938641772
575875034
910451006
3746076254
1376300366
450640554
4231341782
1376300318
1376266473
1376266468
562615459
943559981
915473927
1869716959
915472967
915473757
309642531
4233044594
4233044609
4233044599
918138911
918139632
918139787
918138714
918138703
914642761
915232265
915434221
914530209
914644361
2967264858
2967264862
1376300421
915472863
943641266
943641088
943641082
943640266
1870092204
2823075898
2823306165
1863525012
1863525006
2823306751
1863525346
855723725
1863521102
1863520714
1863520696
2823376802
2823376821
1411061006
1411061008
1411101718
1411122969
916416121
1825246084
916358611
1825246097
1863520947
1863520951
1863521155
1863521011
1863521109
1863521657
1863231575
4229603995
4229595123
906761947
906761299
1356119906
2212031025
905062897
905279806
905280898
905280966
905281393
905279860
906818574
905284748
905281776
905280368
905115818
906772302
906772304
2212031026
2823306736
2823303671
2823306744
2823306740
2823075656
2823075933
2823309552
2823309808
2823309807
2823076300
2823075977
563155281
277419932
442789385
278163912
905284980
1275190773
250100409
250100306
448444390
1805872394
249823826
3746076230
1870091869
2920590830
910450755
249823769
3746076248
1376300344
1802518258
1349092063
1376266494
1681489191
355435734
309642520
4233044586
918139985
918139724
918139571
918139240
918140208
918139232
918139812
918140185
915232147
915232348
915232172
915432319
915472314
2967264860
1376300358
1869899501
943640334
1869899504
943641231
943640759
1922111827
1870092198
2823075912
2823306164
1863524995
1863524968
1863525007
2823306748
1863525106
1863525108
3738902445
855723664
1863521235
1863520723
1863520688
2823363286
2823376803
2823363289
2823376823
1411060958
1411060955
1479117744
1411101717
1411060967
1411101735
1411101755
916416092
916341373
1825246078
916358796
1825246099
1863521126
1863521227
1863520863
1863521245
1863524991
1863231574
1863524988
4229603994
4229595122
906818560
906818504
1356119904
851689232
905063241
905279982
905281358
905282857
906733887
905284049
2906748893
904024799
905281979
906761840
906761325
1356119885
2823306745
2823303663
2823306790
2823306746
2823075727
855723897
2823075890
1863526526
2823309825
2823309821
2823309540
2823076305
2823076390
2823075993
563155263
905282566
563155242
464964127
464964200
905282943
1275190868
250100304
1800829364
1805893464
1805872486
249823949
3746076232
1870091871
1870091866
575875165
2920590831
910451283
910451131
910549579
910549625
3746076247
1376300240
1802518237
1376266492
355435732
562615476
943560267
943640522
943640920
918140089
918138898
918139590
918139947
916415758
918138748
918139984
918138676
915232372
915232170
915436712
600648517
3512055073
2967264868
2967264864
943641137
1869899524
943641247
943640449
943641013
943640476
1863525458
4087232487
2823076051
2823306163
1863521554
1863520832
1863520828
3738902452
855723441
855724059
1863520766
1863521391
1863520726
1863520646
2823363288
2823363260
2823363291
2823376824
1479117739
1411012235
1479117748
1411060922
1411101719
1411101742
916415861
916341614
916341235
1757008178
916358896
916358680
916358945
1863521229
1863521222
1863520855
1863521232
1863521605
1863525016
1863524970
855723877
906761260
906761464
851690030
905062907
4212228835
568298681
905285033
906733376
906732706
906713717
905283157
2906748890
904024535
2906748887
1820483527
906761446
906761315
851690747
1356119905
855723437
2823303657
2823306996
2823306755
2823075858
855723494
2823075873
2823309819
2823309834
2823309850
2823310247
2823075931
3735739965
2823076392
2823310206
2823075990
2823076034
563155278
905283743
277419942
278163926
849943455
1275190727
1275190947
1788608660
1796565804
1800829357
448444322
2265700202
448444361
1805872532
3746076233
1524384434
1658920632
910549494
575875120
910451200
910451081
910451344
910549711
267197856
3746076245
1349092017
266807274
267259482
943560221
943559793
943559908
943640253
918139770
918140446
918139806
918139077
916415284
918139091
918139593
918139785
918140279
915232204
915436781
600648516
3512059708
3512032480
309641061
943640695
943640614
943684605
943640625
943640582
1863525452
3003450191
2228978827
3003450184
3511743200
2823306161
1863521548
1863521546
855723731
855723873
1863520751
1863521453
1863520847
1863520692
1863231031
2823363232
2823363261
2823363257
2823363236
2823376828
1411061035
1411012236
1411060919
1479117746
1411060948
1411060914
1411101727
916416091
916341590
916341380
1825246065
916415255
1825246103
1863521192
1863520901
1863520735
1863521198
1863521609
1863524980
1863525407
1863524969
1863521342
855723678
906762426
906761487
906762542
851689554
905115827
843399049
1820483546
905284302
905283397
905283803
906713713
906733546
906732421
905284244
2906748889
904024766
904024588
904024698
1820483532
1820483548
906761480
906761741
851691092
906690531
944889363
1356119907
855723938
2823303650
2823307436
2823306757
2823075872
855723397
2823075859
2823309830
2823309837
2823309848
2823309853
3511743193
3735583597
3511745597
2823075886
2823076557
2823309871
2823310224
2823075988
2823076081
849943595
464964198
278163923
849943582
1275190826
1788608641
1796565783
1796565791
1800829349
250100388
1794580989
1805893470
1794580983
1805785704
1805872777
3746076234
308890672
1870091870
910549527
1658920631
1309626320
249823781
910451221
910549479
267197857
249791380
3746076241
910549694
267259483
267259476
943560066
562615475
562615490
943560822
943560372
943640268
918140218
918140621
918140651
918138889
918138931
918140133
918139143
918140356
918139499
918139252
915232283
2507927278
3512055074
3512032486
345265006
309641210
943641243
943641006
943641159
943640478
1863525435
2228978807
942265020
2823310246
3003450185
2823306158
1863520852
2823306159
442873987
855724051
1863520743
1863520703
1863520680
2504970895
904024783
2823363234
2823363262
2823363258
2823363235
2823376832
1411060974
1411012230
4156356514
1411061004
1479117743
1411060928
1411101700
916341188
916341360
916341560
1825246061
916288299
1863521088
1863520777
1863521005
1863520729
1863521174
1863521615
1863525411
1863521149
1863524961
1863521339
1863521167
855723387
906772168
906762442
849943579
905115826
843399058
1820483551
905280248
905283807
905282672
905280099
906734180
906734402
906712620
308933876
2906748884
2906748894
904024769
904024704
904024775
904029053
904024667
4212228883
904024627
1820483539
1820483589
906761537
849943608
906690691
944888804
944889077
2212031032
855723883
2823307419
2823307495
2823306794
2823075891
855723799
2823075728
2823309855
2823309840
2823309857
2823309843
2823309863
2823309859
3735583599
3511745593
2823076389
2823309861
2823309864
2823309878
2823309896
2823310257
2823075985
849943551
442789382
277419973
315999110
3745701758
1655639873
250100381
1794580984
1805893485
563155211
2263000351
3746076235
1870091868
249791553
1870091846
1740172263
910450728
910549705
249791379
267197834
3746076240
266807256
267259484
267259490
267259327
266807277
2431986321
943560109
1869899497
918138724
918140214
918139784
918139557
918138993
918139376
918139552
918138751
918139439
918139364
918140557
915232339
2507927284
2507927270
309641346
309642096
943640686
309642515
943640714
943640727
1863525433
2228978847
2228978844
3735583613
855723372
2823075682
855723552
1863520945
1863230924
904024754
2823363251
2823376836
1411061050
1479117750
916341285
916341587
916341581
1757008218
1825246056
1863521031
1863521028
1863520665
1863520683
1863521557
1863521734
1863525316
1863521590
1863521738
1863521328
855723587
906772194
906772246
906712635
851691006
1356119878
905280483
277420357
905283873
905283836
905284995
905280179
905283830
906734239
906713775
906733558
906734089
905281324
2906748880
2906748897
904024788
904024763
904024609
904024751
904024787
904029037
904029024
904024737
904024795
2906748895
903987642
1820483565
903737922
906690580
849943495
849943556
851689406
1870091820
944889162
2212031033
903989121
855723395
2823307406
2823307489
2823307803
2823306128
2823309860
2823309852
2823309872
2823309844
2823309879
3735583601
3511743205
2823076089
2823309849
2823309866
2823309885
2823309882
2823309888
2823310203
2823310248
2823075965
568318604
3178456095
563155200
315999106
267197844
448444155
448444164
250100383
1763185405
563155209
1805872638
3746076237
1870091865
1870091775
436900031
1805872648
1805872744
1805872600
267197840
267259921
308888862
267259485
267259460
267259480
267259326
267253210
267259250
2431986322
943684533
918139965
918140291
918139478
918139326
918138974
918139395
918139362
918139458
918139044
918139386
918139322
918140206
915232173
915274116
2443147556
309641344
309641333
943640566
943640539
943641041
943640482
943641076
943640955
943641151
943641229
1869899489
1863525384
1863525415
4236045126
4236045125
855723881
2823075665
855723605
855723939
1863520491
1863520950
1863520949
1863230914
904024642
2823363253
2823376804
2823376838
916341260
916341238
1765179903
2825982046
1863521096
1863520621
1863521507
1863525269
1863525059
1863521520
1863521309
855723737
906772287
906772307
906713196
906711532
851688900
851688937
2212018528
1820483543
277420341
905284752
905280695
906711317
905280819
905280609
905281866
906734537
906712511
906711743
906734204
906733991
906732525
906733809
905282049
2906748879
904024767
904024656
905281950
904024812
904024673
904024539
904029011
904029016
904029048
904029030
904024628
903988526
903987402
903987275
1863230724
855723597
2087317767
849943494
849943591
851689783
1870091817
1870091819
903990122
855723818
1820483584
2823307423
2823307443
2823307437
2823307812
2823307864
2823303672
2823309865
2823309873
2823309868
3735583603
4221445872
4221445882
2823309869
2823309874
2823310208
2823310239
2823075966
308897855
464964131
312102923
802969161
315999096
3007872794
1655639883
448444133
1763185300
1763185428
1763185499
2507539127
1870091719
1453714288
2127415666
2127415669
246518188
267259486
267259458
267259479
267259488
267259459
267259251
395135071
943640432
918138686
918139392
918138987
918139951
918140107
918138929
918140302
918138669
918138810
918140081
918138853
918139759
915232242
915274296
2443147558
268212656
309641336
1869899488
309640804
943640403
943640565
943641009
943640708
943641141
943640357
943641179
943641305
943640318
943640959
943641111
1863525354
1863525349
1863525413
4236045124
2229118376
2823075670
855723817
2823075378
2923555780
1863520978
1863520967
904024792
2823363293
2823363255
2823376806
2823363254
2263054791
916341433
916341382
916341533
1825246060
2432087843
2921848227
1863521243
1863521164
1863520630
1863520537
1863525211
1863525058
1863521436
2823075385
906772255
906772220
906713465
906712623
851689880
851689683
851689624
849943423
1820483580
905284628
905282718
905281873
906712164
905281034
905284947
905283475
906734233
906713462
906712301
906713617
906734201
906734148
906734379
906734238
906732617
1820886573
904024811
904024793
904029023
904024802
904024796
904029013
904029056
904029039
904024625
903987841
904024607
903988264
903988822
903989133
903731262
903737726
855723389
2087290861
851689310
849943399
851691363
851691364
944889262
1870091816
903989164
855724047
877152418
1820483574
1820483581
2823307416
2823307446
2823307817
2823307479
2823308553
2823303664
2823309862
4221445877
4221445869
4221445837
4221445887
2823309883
2823310212
2823310232
2823310242
2823076004
2823075960
308897843
802969138
277419947
277420046
315999134
1819107570
292460414
1763185439
563155208
1763185327
1658920630
1870091855
1805801900
1453714262
575879718
2127415661
267609494
915368248
246518184
267259489
267259453
267259271
267259249
395135085
918138673
918140113
918139767
918139200
918138895
918140271
918140596
918139888
918139495
918139754
918139371
918139202
915232320
915274417
2443147560
2397565000
268217540
915232228
562615482
2165769730
2165769727
943640618
1869899519
1869899507
291511686
943641110
943640699
943641185
943640404
943641190
1869899500
943640785
943641086
1869899499
943640918
1863525360
1863525352
1863525376
4236045123
2823075653
2823075375
2923616147
904024686
2823363294
2823363248
2823376807
2823363252
2263054794
2823376839
916341582
916341601
1825246059
2432087839
3079928174
2825982017
2432087841
1863520612
1863520500
1863525220
1863525168
1863525104
1863525056
1863521400
2823075379
906713618
906711667
851690761
851691108
851691514
849943476
855723890
277420434
905283430
905282856
906713614
905283310
906733536
906712227
906711608
906712707
906734329
906734362
906734245
906713776
1820886565
904024653
904024804
904029057
904024579
904024753
904024702
904024776
904029034
904029012
904024556
903987264
904024603
903987793
903731118
903737824
855724041
3832408619
849943490
2212018529
441879027
851689552
944889261
944888879
663785799
877152558
877152257
903737836
2823306999
2823307405
2823307819
2823307845
2823308530
410059721
2823309867
2823309856
4221445883
4221445864
4221445836
4221445860
2823076272
2823309887
2823310218
2823310223
2823310240
2823310230
2823310245
2823076001
2823075959
802969113
2262991332
277419852
277419951
316066193
802969145
802969120
1819107664
292460465
292460387
1763185577
939270582
1763185490
1870091854
1805801884
1453757993
250100406
267609499
915369212
915368667
266809747
316463562
267259478
267259433
267259270
267259248
918140106
918139954
918139631
918140606
918140445
918139790
918139807
918139955
918139866
2443137558
268217534
2397565003
268217542
915232192
280741019
562615488
2165769739
943640797
2165769732
943640340
943640498
1869899521
943640668
268217546
943640729
943640315
2165769740
2165769738
943640927
943640753
943641018
943640960
943640782
943640425
1863525396
1863525374
1863525343
4236045122
2823075659
855723832
2823363249
2823363284
2823376809
2823363285
2823376829
2823376840
916341266
916341683
1825205214
2825982026
1863520385
1863520559
1863525050
1863525172
1863525087
1863525099
1863525194
1863525052
906712159
906713193
851689399
851690756
851690741
851690545
849943532
855723586
848530035
848530049
3755387111
906761277
905282560
906712916
906713817
905283423
905282684
906734392
906711539
906734240
906711807
906732262
906733453
906733639
906733180
905282815
906734135
568298663
904024784
904024500
904024790
904029009
904024582
904024734
904024592
904024798
904024614
904028995
904024778
904029026
904024601
903988334
904024729
903987960
903731470
855723758
3832409855
3832408621
849943392
1356119863
308898110
944888777
663785839
903988055
877152500
855723474
903988245
2823306970
2823306711
900995795
2823307262
2823307835
2823307810
2823075651
2823308154
2823308179
410059718
2823309870
2823309851
4221445886
4221445841
4221445824
4221445831
2823076242
2823076284
2823310207
2823309890
2823310227
2823310225
2823310226
2823310237
2823310250
2823075936
2823075957
802969459
802969213
802969144
802969088
2126404927
563126385
563126360
308897943
308897978
3742396954
345286716
314505965
1763185394
1763185305
1763185516
1870091831
448444295
1805801989
1788608635
575879721
1453714280
250100364
2127415647
1633262436
915368608
915369337
267609415
915367958
267259435
267259417
1368046429
267249899
918138808
918139792
918140601
918139367
918139310
918140354
918138946
918140242
2443137554
268212603
2397564991
2398081993
268217516
915232175
2398081983
333691129
395135064
943640917
1869899506
2165769742
943641031
2165769734
943640437
291511688
268217517
943640751
943640366
943641162
943640444
943640616
943640262
943641135
943641123
943641202
1863525340
1863525372
4236045121
2823363297
2823376827
2823376835
4223247179
916341276
916341192
916341206
916341470
1825205207
2825982015
2825788952
2825982014
2432087828
1863520344
1863520368
1863520510
1863520794
1863525047
1863525013
1863525093
1863525232
1863525180
1863525242
906711806
851689044
851690293
851689852
851690130
851689253
849943389
849943546
855723513
568285977
841774119
841773893
3755388329
905282854
905282743
905283695
906712625
906713200
906712233
905284247
905281259
905281438
906732898
906734540
906711457
906713708
906711673
906733977
906711990
906734407
906734082
905281965
906734190
906732892
905280397
904024587
904024773
904024641
904024532
904024598
904029008
904024620
904024584
904024750
904024639
904024569
3754484262
905283439
3754484565
903988499
903987534
568304744
903731294
903731220
855539797
3832409838
3832408625
849943506
663785832
903987623
877152327
877152571
877152222
568304764
2823306927
2823306391
876918473
2823307277
2823307216
2823307878
2823307869
2823307875
2823307480
2823307491
2823308162
2823308111
2823307891
663785733
4221582601
4221445796
4221445803
2823076253
2823076286
2823310210
2823309894
2823310231
2823310235
2823310258
2823310252
802969056
802969464
802969385
441879029
277419855
2126394796
563126414
292443471
563126342
837540895
249791841
345290753
563097371
292460401
1763185349
278163899
1763185518
1870091776
4235320747
1788608719
448444299
1805801952
1788608685
448443999
1870091844
1453758019
1453714264
563126489
1633262434
915368326
316066094
267193172
267609414
915368735
1368046424
1368046431
918139372
918140579
918140587
2443137549
268217545
268217515
2398081996
2398081982
2398082012
268212602
915232213
301037214
268212537
943640665
943640988
943640942
943640501
2397564942
2165769736
943641045
943640336
943640474
943641263
943641223
943640414
1863525338
1863525370
4236045120
2823363298
2823363266
2823376826
4223247148
916341228
916341610
916341328
916341524
1825205218
1825205210
2825770184
2432087817
1863520349
1863520465
1863520457
1863520775
1863525009
1863525024
1863525236
1863525238
906713736
906713265
851691467
851689615
849943528
849943586
849943600
855723966
848530013
848530031
1820886373
841773739
841773896
905283270
905283154
905283619
905283381
906713600
906712774
906711395
905284638
905280190
905283557
905281953
905283074
905283934
906734542
906734159
906734334
906713613
906712157
906733545
906713609
906734176
906733362
906711388
906734070
906734216
905284721
906734146
906734179
906734404
905282879
1642770803
1642770804
904024665
904042306
904024684
904024619
904024786
904024518
904024689
3754484261
4214836067
903987729
903731224
903731195
903731476
903731316
855539757
3832409479
802981477
849943419
849943357
903989565
307369811
877152541
877152452
877152517
903731317
903987978
2823306909
2823307000
2823306352
876918493
2823308534
2823307283
2823307218
2823309111
2823307440
2823308157
2823308167
2823307900
2823307488
2823307465
2823307435
2823307463
2823308525
2823307838
4221445828
4221582408
4221582440
2823076310
2823310214
2823310255
802969388
802969080
802969442
837540831
802969107
277420414
312102927
563126415
292460611
563126336
563126347
837540896
1453758045
1453758016
345287074
563097293
1763185595
1740169880
1740169861
3005602328
1805801838
1805801817
448444303
1805801951
1805801860
1788608581
1788608675
1805801978
1805801896
1765105503
1765105510
1453692198
1453758038
563126306
563126506
563662810
915367960
316066093
267193180
915368517
267249920
1368046436
1368046427
918139205
918140135
2443137541
268217514
268217600
2398082009
268217539
915232330
301037211
268212523
943640447
1869899510
943640944
943640423
2397564986
1869899502
943640308
943640569
943640249
943641183
2265700204
943640804
2164861744
2823363270
2823363299
2823363265
2823363267
2823376825
916341253
916341682
916341179
916341623
914530849
1825205220
2825770189
2825770175
2825770130
1863520427
906712714
906713624
906713330
906711987
851689855
851690420
849943604
851574508
849943473
848554019
851994475
848530033
848530008
1820886642
841774105
841773847
847745720
905282890
905281055
906713392
906712373
905284312
905283657
905284847
905283256
905285021
905283500
905283549
905284442
906734324
906711464
906734257
906713274
906734398
906734535
906711544
906711674
906734517
906733111
906734077
906734174
906733029
1820886574
848553955
904042432
904042340
904024615
904024497
904024794
2905463905
903990212
903731095
903731100
903731161
903731272
855538958
1487815446
802981545
851690185
903989003
877152474
877152669
3946005906
877152555
903731131
877152672
2823306393
876918417
2823308541
2823308148
2823307280
2823307224
2823309114
2823308877
2823308542
2823308528
2823308180
2823307811
2823307801
2823307441
2823307407
2823307438
2823308852
4221445819
4221582813
4221582652
4221582481
2823076509
2823076273
802969411
802969205
802969437
837540883
802969376
3975970682
837540926
837540803
563126317
563126476
292443474
448444199
292443476
2409792101
2912295507
1453758036
1870091815
345277865
2263000345
591430891
1763185600
1763185417
1740169911
4230131459
1740169875
1805801892
1805801942
1805801954
1805801851
1805801807
1805801811
1805801939
1788608653
1788608703
1805801861
1788608587
1765105589
1765105530
1765105597
1453714266
1453758000
563126298
563126287
915368230
2056802169
316066079
563659643
621248514
58061203
267249919
267249918
2729066798
918139544
918140613
918139565
2443137537
2397565018
2398083975
268212601
915232165
246518180
268212516
1869899518
1869899520
943641249
943640376
2397564965
2265700211
943640600
943641118
943640589
943640374
2823363269
2823363271
2823363272
2823363268
2823363276
916341217
916341678
916341230
914528909
914530464
1826067032
2825770304
2825770176
3207012821
1863520420
906711399
906713630
906712974
906711461
906712371
851689874
851688997
851689489
851689690
849943619
848554105
848554144
851995073
851994848
848530046
848530019
848529986
1820887000
1820886998
841774081
841773911
847745115
905284558
906711745
906712071
906713190
905281467
906761300
905279986
905281742
905284343
905283637
906734086
906732537
906712716
906734209
906711543
906712072
906713396
906713737
906734559
906733452
906734236
906733726
906734361
906734561
1820886579
848553936
904042609
904042527
904024770
904024688
903987665
903989635
903731182
903731130
855539543
855538829
1487815441
802981577
851689480
850044693
903990241
877152379
3946005905
877152284
903731430
877152112
2823306749
876760058
2823308556
2823307250
2823309119
2823308878
2823308548
2823308538
2823307831
2823307451
2823307424
2823306986
2823307408
2823308810
2823307271
4221582448
4221582806
4221582832
4221582611
2823076514
2823076388
802969372
802969463
837540853
802969400
837540867
837540852
837540774
563126416
312102921
292443483
292460521
292460573
448444198
292443475
2409792112
1453758031
1870091835
250078355
563126344
563097448
2499372793
249791567
939278251
1763185452
1763185298
1740169826
1805801909
1805801761
1805801944
1805801992
250100252
1805801790
4176505741
1788608589
292443477
1765105605
1765105543
1765105606
1453714278
1453714259
1453758033
939270888
563126285
2056802172
316066035
412331298
3742305538
915368944
267249927
267249917
267196344
2729066804
918139637
918140335
918140155
918140642
918140332
2443136918
915232327
309860304
915368566
915369068
943640900
943641282
943640274
943640603
943641165
2265700206
943640394
943640298
943640270
943641101
2823363273
2823363277
2823363275
3754354524
916341349
916341191
914530104
914530732
1826067035
914529433
2825770308
3207012820
1863520431
906712294
906712527
906713732
906713048
906713541
906712807
906713131
906712161
906711394
851690928
851690033
4220862554
851689530
851690190
851691251
849943479
850044635
848554178
848553966
848554147
851994832
851994535
848530058
308896310
848530048
848530021
848530001
841773833
841773967
841774110
905282826
906712923
906713398
906713464
906713261
906713636
905284252
905282347
906761730
905281604
905283229
905281596
906734375
906711676
906712634
906712921
906734389
906712076
906712369
906712086
906732615
906713611
906734307
906734452
905283299
848554056
848554011
904042468
904042348
904042637
903989759
903989668
903989095
903714461
855538932
855538850
855539669
1487815440
802981471
802981513
851689840
850044749
850044832
877152382
903731477
903731211
877152084
2823306771
876760063
900995436
2823308191
2823308565
2823308814
2823308881
2823308880
2823308547
2823307434
2823308192
2823308889
2823307269
2823307273
4221582631
4221582844
2823076516
2823076366
2823076369
836074289
802969418
837540929
837540789
837540821
837540801
563126381
312102919
910450979
292460574
448444197
316066167
910451374
278164996
1870091837
278163272
365252714
2499372777
2714630389
2009303746
1520143821
567026489
939278416
563126318
1763185565
1805801757
4235091054
250100176
4177690916
250102756
1765105599
1765105585
1765105590
1453758013
1765105567
1765105601
1453714265
528858984
563126267
427834340
345576050
427828188
433484654
943831033
3742305534
915368105
316376870
267609602
3644198790
267196357
3744313944
2729066770
267196356
918139933
918139469
918139333
918140016
918139596
918140182
918138904
2443136383
915232167
915274077
309861003
563659587
915368677
915368515
943640547
943641047
1869899513
943641061
943640642
1922111823
943640312
943640892
2823363279
916341586
914532826
914529965
914531005
1826067027
914531512
1863520444
906713813
906712234
906712155
906713728
906712700
906711802
906712981
906711803
906711989
906713599
906713536
851690614
851689068
849943501
850044677
849943492
848554102
851994926
851994736
851994771
848530041
308896309
848529992
848529997
848529982
848530028
841773809
841773952
841773733
841773930
841773665
905279942
906712437
906712307
906712170
906711875
906761276
905284104
905281180
905284038
905282461
905282813
906733290
906734160
906711872
906713702
906734181
906734068
906713632
906713543
906713055
906734145
906732699
905281998
848554155
848554086
848553987
904042543
904042479
904042422
903989681
903987399
903987740
903714485
855539642
1487815438
802981588
851690816
850044809
851690686
877152279
903731135
903731226
903731089
877152724
2823306715
876760243
900995571
900995636
2823308200
2823308568
2823308805
2823308848
2823308883
2823308836
2823308559
2823308126
2823308119
2823308890
2823307265
2823307266
2823307227
2823307274
4221582891
2823076311
2823076357
836074220
1818312415
802969367
837540771
837540772
837540906
3014388691
837540820
448444283
448444195
292460526
316066149
448443992
841773942
836074267
3007872776
563097440
2499372771
355436093
355435759
591430914
249791570
567026459
939278328
301037319
1763185299
1763185397
1805801785
250100239
1788608603
1788608592
2715424828
1765105505
1765105506
1765105561
1765105511
528858976
528864729
563126255
316376898
271373909
412331339
2507712207
427828184
433484653
433484659
3742305543
3742305551
943831437
915368375
915368385
316376887
315999025
3644200297
3744313616
3744313925
3744313611
3744313937
2729066774
2729066762
918139306
918138754
918139634
918139281
918140464
918139963
918139501
918140153
2507927274
915232346
915274072
309862890
267193194
563659593
915369060
915368510
943640732
943640790
943641259
943641112
2715305462
943640956
3511855040
914531304
914531672
1826143856
1826067048
1826067023
914531022
906713625
906713052
906712507
906712085
906711455
906713399
906712432
906713327
851691458
849943363
849943446
850044582
849943548
849943549
848554142
851995307
851993949
847791446
847791443
848530039
848530051
848529988
841773879
841773871
841773949
841773685
841773799
841773971
841773675
905280420
906712239
906712805
906712165
905283490
906440092
905284509
905281220
905281332
906734090
906711390
906712703
906732522
906734232
906734325
906712361
906713047
906734122
905280012
848553974
848554114
848554172
841773784
904042528
904042328
904042602
904042651
903987640
903988114
903988720
903987639
903714508
903714398
855539478
2018206555
851690355
850044624
3735878361
851688853
903731136
855723910
2823306778
2823306400
900995800
900995780
900995796
2823308503
2823308575
2823308834
2823308597
2823308864
2823308884
2823308816
2823308571
2823307876
2823307887
2823307263
2823308892
2823307226
2823309107
4221582869
2823076293
2823076338
2823076325
2823076337
836074233
1818312417
1818312416
837540913
837540903
837540812
3014388693
3014388690
836074236
292443382
841773947
841515733
836074212
2409792109
3007872778
250078357
345277875
2499372766
355436089
2714630326
2431985871
2009303792
2009303780
591430915
939270819
567026457
910451560
1999481313
353211512
910665134
563126319
1763185579
1805801780
4177690915
1788608717
1788608687
1788608654
2715424788
2715424770
1765105564
1765105528
249823902
910451409
939270944
1763185437
939271231
910665327
331187416
316376899
273278021
2157493664
427807564
3862390202
2507712210
427828197
412331493
2703662130
433484657
433484651
433484660
3742305533
943831400
3742305544
308884276
915368730
1549833153
915368890
1549836043
412331452
3644198778
3644200311
249791204
3744313949
3744313600
2729066757
2729066754
918140636
918140216
918139450
918139735
918138672
915274020
915232269
915274033
267193293
563659539
943640919
943640980
4061593301
2715305537
2715305761
3511855039
914531157
1826038024
1826067053
1826067046
1825635108
906713628
906712514
849943569
851574458
849943610
849943585
851993907
851994447
851994146
847791414
848530005
848530059
848530045
848530043
841774109
841773753
841773861
841773822
841773672
841773713
836339713
905284377
906711734
905282756
905280258
905284149
905282013
905281249
905280097
906734279
906712295
906734218
906734119
906732527
906712771
906712075
848553993
848553929
841773751
904042442
904042492
904042590
904042425
903987547
903988968
903987689
903988385
903988483
903987886
903714447
903714435
903714468
903714451
903714532
855538984
2018206526
851689779
851690610
850044614
851690612
903731315
877152678
877152234
2823306798
2823306774
900995529
900995415
900995630
2823308510
2823308840
2823308581
2823308865
2823308895
2823308885
2823308589
2823308114
2823307261
2823308819
2823309106
2823308817
4221582862
2823076298
2823076333
3730725290
3891693494
833271029
1818312419
837540786
837540885
2409792111
316066125
563097220
841773728
841773948
836083279
841515737
836074249
2409792108
1870091862
249791830
563097638
345277880
312102914
2431985856
2499372738
2431985832
1805801880
2304923602
591430918
591430917
3178456077
2263000337
910451114
910665089
910664831
301037313
910451470
563155207
1763185460
1763185571
1805801868
1788608723
1788608661
939271374
575879716
331187420
910664864
939270752
910451393
563155180
1763185444
939270403
249823861
910664868
910665017
910664769
939271427
2056802173
410057558
271373907
450614571
1987556122
3862390207
2507712151
4230117948
412331341
412331458
308883583
433484658
433484641
3742305481
2431986108
3742305489
309647191
915369266
915368842
915369012
316376885
277419824
556802904
556802674
910450761
267196276
561190255
2729066741
2729066760
918139549
918140249
918139880
915274049
915274363
914530738
915274328
915274031
915274115
267193295
943641269
943640331
3661653437
2431986384
3511855038
914531168
1826038026
1825635107
1826067073
1825635109
906732710
851574367
849943622
841773881
851995135
851995313
851994453
847801097
848530025
841774042
836340156
841773838
841773855
841773771
841773767
841773828
836340008
836340176
905282102
906713189
905285016
905284697
905282898
905282191
905280608
906733811
906733374
906713058
906713629
906733368
848553866
848553947
848554128
841773845
904042406
904042585
904042570
903989845
903987926
903989977
903989815
903988371
903714413
903714423
903714501
903714487
903714401
855539716
2018206503
851691470
851689710
851690430
850044684
851689391
903731172
877152180
877152487
877152324
903988299
2823306777
2823306904
2823306903
900995593
900995655
900995664
2823308863
2823308888
2823309118
2823308818
2823308518
2823308142
2823307259
2823308822
2823308195
2823308858
2823076313
2823076314
2823076323
308899031
544165308
3891693503
833271076
836083219
841516120
563097177
841773998
841774039
841774007
841773931
841515804
836074287
836074284
3744432425
301037275
563097422
3742396955
292460398
563097208
250078354
2431985800
2499372746
1805801863
2304923599
567026454
567026456
567026501
355435763
910665410
560224231
910450970
1763185450
1763185582
1805801901
1788608689
4176509560
2684621027
3178456087
910665273
1040896520
939270551
910450654
910665090
910665260
2018025703
939270683
2056802170
450614574
1987556100
1987556125
1987556155
412331340
2507712162
2507712144
412331457
412331337
943875805
308884530
3742305503
3007872779
280740686
1549836368
915368122
316376878
316376883
277419819
556805848
267259329
1870091900
918140004
918139314
915274043
915274464
915274074
914532953
915274135
267193245
563661898
943640640
3661653430
2715305555
3511855037
914530715
1826038142
914351279
914352272
1826143988
1825205491
906711598
851574295
301037177
851994078
851994772
847801180
847801188
836339744
836340127
836339836
841773854
841773701
836339749
3891693520
836339846
3891693521
905282521
906711890
905279870
905284522
905283458
906734476
906734213
906734194
848554052
848553820
848553847
841773699
904042542
904042575
903987893
903988992
903990200
903989348
903989895
903714511
903714505
855539806
2018206496
851690846
851691301
850044738
849943385
851690196
850044777
903731369
877152691
877152353
877152425
877152407
855723959
2823306908
2823306764
2823306933
2823306926
900995453
900995538
876918356
2823308831
2823309108
2823309128
2823308570
2823308826
2823307889
2823308159
2823308513
2823308176
2823308593
2823076339
2823076301
2823076302
836074221
836074204
308899095
3891692629
833271218
836083243
1818312424
841516219
841515868
316066111
841773846
850010061
841773921
841516279
836083260
841773821
836074245
841516016
836074222
3744432426
910665361
301037295
563097443
2912295521
563097181
2431985809
4233845379
2499372751
567026513
910549554
567026503
355435798
910665295
560224245
910665384
910665054
910665302
2415850223
4176509562
4176509558
939270530
2307254553
1040895803
1040895722
1041938652
1041939697
910451133
910665356
544372792
910665218
1986129653
1987556102
1987556135
412331342
412331446
412331459
370584162
433484644
267197860
1870091836
943830490
280740689
563162051
915290811
915369076
915369334
3662556632
316376884
316376889
278163624
556805869
3644433261
267075196
918138999
915274315
915274035
915274144
914529572
914529849
915274547
563659571
267193248
563661888
563661892
3661653428
2715305667
914529854
1826038323
1826038276
1826004402
1826143809
1825205492
906734457
851574158
851574464
850010111
851994114
851994894
847801159
847801114
312102938
836340043
836211579
841773827
841773763
836340215
836340015
841518449
836339799
841773979
836340131
836340229
905284869
905283749
905281700
906733196
906733993
906734400
906734066
848553855
848553823
848553896
848553881
841773899
904042605
904042568
904042505
903989634
903990029
903987703
903989492
903988084
903714467
903714545
855538799
1801020803
1801020791
851690598
849943614
849943607
851691323
851690260
409835930
877152131
877152141
877152445
2823306946
900995433
876918487
2823308824
2823308586
2823309101
2823307220
2823308532
2823308557
2823307494
2823308199
2823076289
2823076292
836074275
1987490160
2409792093
833291103
308899178
3891692631
833271124
836083091
1832086795
1818312420
841515982
841515910
841515938
423735551
563097137
841774024
841773698
841773962
836083066
841774047
308896367
2409792110
2409792107
841515759
850010079
2409792106
943830388
910664945
301037269
314505970
563097134
2431985822
2431985781
2499372781
2293345132
567026520
910665348
355435828
910665267
278164394
910665079
278164429
910665322
301037306
910549480
910549636
1788608724
910665451
910665041
1040896230
1040895455
1040896695
1041939501
1041939316
1041938861
1041939739
910450715
910665002
910665264
2018025705
2018025606
1986129649
1987556202
4230117940
412331346
412331456
2507708841
2061627089
370584167
370584172
267197864
943876043
175610050
563162047
915291000
915291916
915369268
2157493662
267609551
3644433266
561182876
918139393
918138845
915274546
915274331
915274342
914529010
915232296
563659543
563661906
267193383
267193250
267193232
563661894
3661653427
1826038326
1826038365
1826038192
1826004400
1826143733
906734373
850010050
850010212
836340266
841515987
803929260
841774115
841773993
836339720
3891693510
841515978
836340206
836339911
841773727
836340034
905284068
905280908
906732800
906734246
906734137
906733031
848553878
848554183
904042362
904042467
904042476
904042326
904042322
903988200
903990031
903987484
903990204
903714406
855538918
1658809152
1801020841
1801020795
2018206493
851690098
851689179
849943510
849943404
851689949
851691097
877152657
877152254
877152653
877152349
2823308856
2823307243
2823308896
2823307230
2823308182
2823308845
2823308108
836074187
836083223
833291082
833291191
308899179
3891694791
836083105
1832086796
1818312418
841516090
841515886
841516292
841516003
423735550
423735554
841773816
841773778
836339972
841515765
2409792100
836074211
850010065
850010133
837540788
943830578
943830356
910665402
250078367
2507343958
2431985771
2293345131
372717380
910665388
910664860
355435874
910664970
910665119
277420244
910664830
910665428
910664840
2009602280
910665316
910549713
1788608604
910665179
495944462
1040896130
1041939337
1041938759
1041939459
939270687
1041939303
1041938563
1041938671
1763845026
1041938734
568318393
910450733
910665149
2018025701
1041879612
2018025708
2018025607
395135060
2507708897
2061627087
2061627143
370583668
3007872790
943875795
915292218
941021669
915291411
1549892457
273456805
308888616
943831783
3644433275
561182895
918139475
915274034
915274029
914530086
915232343
563659569
563661905
563661907
267193233
910549675
563661895
3661653425
1826038412
1826038604
1826038312
1826038168
914352058
1826143708
906734525
850010175
850010164
850010032
850010126
841515901
841516010
803929463
841773915
841773937
847745558
836339812
841515887
836340148
841774006
836340251
905283763
905281684
906732790
906734196
848554107
848554124
848553991
904042510
904042359
904042324
903989573
903987699
903990151
1987490243
855538897
2018206509
1658809156
1801020793
1801020792
1801020794
1801020817
2018206492
851691448
849943478
851690374
851690283
851690766
877152306
877057857
877152310
2823308894
2823307232
2823307260
2823308875
2823308859
836074191
836083145
836074205
833291172
833291188
803874371
836074196
3891694793
833271114
1832086799
1832086797
283639839
836074197
841516070
841516024
280740684
841773961
841773983
841773769
841515783
841515788
850010151
850010188
850010163
837540833
841515998
943831044
3742302397
301037285
2009503175
291685787
2431985829
2295400175
4031687539
910665024
544371079
292460348
910664903
910664941
278164334
4233713771
910665174
4233713777
1486890677
910549689
910549648
910549653
1040896498
1041939483
1041939756
1041939236
1041938866
1041939621
939271320
1041938803
1041938559
1041939587
1763845047
1041939121
939270704
568318343
356290152
568318313
910451598
2018025672
291685814
415540500
2507708866
2507708885
2061627242
2061627203
370583667
370583671
941021518
915291540
2657199138
915368514
2157493660
301037180
915274073
2127644553
914531815
915232313
563659572
267193242
545641378
910549669
563661896
1826038451
1826038993
1826038615
1826038265
1826038127
1826143524
1826143695
906713759
850010124
850010087
850010207
841516275
841515907
803929550
841773779
841773906
847745326
847745701
836339979
836340059
836339941
841516045
836340010
841774103
833271074
836340282
906540513
906538959
905281306
906734509
906734142
848553885
848554005
904042488
904042573
903987389
855539289
855538819
2914308196
2914308209
1801020835
1801020800
1740127203
2018206453
849943427
851690370
409835931
877152158
877152629
877057891
877152088
2823308900
2823309123
2823307221
2823307256
2823307252
2823307228
2823308891
836083321
836074243
1827522806
836074240
833291175
832672172
833291134
544165164
836083135
836074200
3891694795
833270910
1832086801
1832086798
1827515745
308900200
836083189
841515933
841516159
60890393
563162049
308896083
841773666
841515897
841515875
850010071
850010120
850010082
837540785
836083141
308884531
565507037
910665005
566993232
4233301013
291685808
266441732
277420020
2714630344
2295400177
1024907340
910664843
544510427
4231809736
544503111
910665425
560224224
355436108
277420211
4233713764
910665422
4233713766
4233713749
1486890687
1486890682
786590741
2845389798
1040896257
1041938884
1041939774
1041939233
1041939330
1041939777
939270612
1041939068
1041939655
1041938809
939271023
910450581
464964087
1867153151
3953434469
442110905
568318319
939182596
2018025671
1872449685
2061627129
1870091908
1825530331
915291431
915292276
915369350
301037179
915274533
915274080
915274306
914529850
915232352
563661912
883864297
267193217
910549672
563661901
1826038474
1826039004
1826038884
1826038808
1826038670
1826038237
1826038099
1826143139
1826143530
1826143521
1826143621
1826143657
906732694
850010144
850010067
850010166
841515760
841515718
841515927
841515929
307369559
841773731
841774057
841773737
847745524
847745411
847745587
847745486
836339924
841518420
836340197
841515905
841515713
836340244
836339953
316070982
308896476
836340115
906540309
906539000
906539749
906539507
905284212
848553826
848553944
904042431
904042614
1987490238
855539216
855539352
2914308194
2914308181
2914308213
1801020787
1658809144
1801059271
2018206441
849943489
851690619
877152497
877152482
877152136
877152285
877031634
877057847
877152207
877152693
2823309127
2823309105
2823307212
2823307248
2823308171
836074247
1827522791
836083286
833291065
476992314
832672079
832672010
833291171
832672201
832672156
1827522790
476991969
836074192
3891694797
833271130
1827522803
1832086800
832671984
832672026
568266372
836074235
841516144
841515860
563162055
841773740
544165229
841773950
841515781
841516025
850010209
850010058
850010131
850010047
837540858
564483502
910665091
2009503149
1901092187
2009503273
4217197423
2018025673
1486890692
939328743
355436261
910664898
544503110
541347378
544503108
292460633
301037300
910665169
292460632
2018025662
355436167
910665181
4233713750
562621383
910549706
1041939229
1041939754
939271288
1041938603
939271375
1041939253
1796110121
910450992
910451275
2636251473
464964093
1867153153
939182571
939182619
464964140
3953434459
568318231
939182584
2018025666
2018025677
1870091910
915291443
915292400
301037178
915274349
1825530337
915274323
915292489
2953829678
914530319
914529431
267193239
3144938640
1826038502
1826038873
1826038460
1826038755
1826038017
1826038057
1826038250
1826143137
1826143181
1826143593
1826143094
1825205245
850010043
850010101
850010109
850010107
841516062
841516238
841516289
841516186
841515792
836340269
836339739
841773690
841774117
841773772
847745442
847745347
847745566
847745651
847745385
847745392
847745636
3053467198
3891693516
836340009
836339892
3891693505
670710795
841516266
836339990
836340181
841777988
833270943
544165333
836340170
906539322
906539223
906540514
905283436
848553980
1987490240
855539824
855538791
2914308200
2914308177
2914308179
2914308158
1801051939
2018206495
2018206444
2018206468
2018206471
1801023500
2018206438
849943448
877152355
877152461
877152329
877152163
877152165
877152301
877031738
877031615
877031561
877057870
877152613
877152674
2823307238
2823308143
1827522789
1827522814
836083090
833291015
1827509745
832671993
832672205
832672190
833291148
832671928
832672130
1827522792
836083131
3925698152
833270926
1827522812
476992039
832672001
833291078
832671923
1987490159
2409792071
568266370
836074258
841516290
841516242
841773897
841773716
833270976
1827513549
841773749
841515714
841516026
850010098
850010169
850010173
850010084
850010148
837540842
837540912
1811708523
4233299843
512453167
3190842421
565507031
291685778
2018025658
910665140
544503109
541347396
355435897
355435911
544371020
301037254
565507030
910665255
2262991297
355436165
2399679244
1520143860
1681411724
1801059265
910549481
1041939017
1041938614
939271054
1041939338
1041939641
910451442
568318250
910549610
3953433052
1085681641
939234938
1309626302
1867153152
939182594
442789388
3953434460
1763180198
939182590
2018025649
2715305662
915291994
915292274
267609569
301037181
915274339
915290696
915290712
915292116
2953829680
3207012815
914532928
1826038015
563661920
3144938519
3144938528
1826038513
1826038831
1826038433
1826038334
1826038820
1826037986
1826038090
1826038383
1826038209
1826143489
1826143134
1826143183
1826143180
1826143567
1826143085
1826143123
1825205249
1825205246
850010060
850010146
850010045
850010211
841516141
841515831
841516258
841515950
841515857
841515983
836339824
802911383
847688083
841773917
841773764
847745606
847745868
847745680
847745456
847745880
847745508
847745529
847745602
847745270
847745763
847745788
836339748
841518398
836340205
836339877
836340110
836211851
841518444
308729713
836339805
283657230
833270986
833291041
476992301
803928961
836339966
906540232
906539121
905280566
848553999
848553963
855539456
855539699
2914308192
2914308176
2914308153
2018206500
2018206439
2018206474
2018206475
1801023478
2018206424
877152303
877152676
876918282
877152562
2823308133
1827522817
836083233
833291070
1827509760
1827509739
803929189
853914299
833291136
2409792072
1827522795
836083186
1827522825
3891692287
836211742
1827522827
832671942
833291064
832671998
832671989
853914337
832672231
2409792049
841515719
847745230
847791427
847745032
1827513560
1827513542
841773830
841515800
841515731
841516192
850010034
850010041
850010193
850010069
837540865
837540813
837540825
1811708544
564483551
2009502922
512453165
250078364
2009503215
565507035
291685760
2018025661
292443356
910549682
544510411
544371029
4210380752
544371053
544371052
544371821
473651125
1811708527
560224223
2599474602
3109196374
4233809491
2262991286
1801059305
2845389797
1041939394
1041939430
1041939677
4107868991
939271373
939270874
1041938986
1796110045
910549707
1839617363
3953434457
1763180236
1867153150
442789389
464963992
1763180113
464964014
442110908
939182608
1763180280
2018025628
2715305676
3217380287
941021534
915290924
915292500
915274314
915274557
1825530338
915291559
600646107
1826004363
1826038001
563661928
3144938506
3144938702
1826038560
1826038818
1826038609
1826038389
1826038049
1826038869
1826037988
1826038119
1826038261
1826038437
1826038122
1826038190
1826143492
1826143485
1826143132
1826143184
1826143177
1826143568
1826143528
1826143083
1826143363
1826143148
1825205269
1825205250
1826143585
850010103
841516042
3891693489
841516000
836340177
802911516
802911728
847688079
841773695
841774107
841773715
847745145
847745372
847745757
847745515
847745181
847745308
847745745
847745642
847745394
847744939
847745458
847745493
847744973
847745565
841773941
836339746
836339945
836340147
836211621
841516179
841518447
833271012
841778007
833291044
803929329
803929229
906538961
905282217
848553874
855538776
855295121
2914308188
2914308173
2914308164
786590791
2018206523
2018206422
1801023499
2018206428
877152150
876918428
877152167
2823308130
841515727
833291122
1827509754
1827509734
803874319
1827522804
836083313
1827522826
836211619
833270927
832671917
833291051
308896531
832672193
832671901
832671936
803874289
841515947
847745179
847745811
1827513546
1827513565
1827513540
841774067
841516267
850010194
837540839
837540856
837540920
837540790
4233126922
4233126909
512452460
564483554
2009502885
506423563
4233301286
1854116312
2009503172
2018025621
910665059
544510410
544371025
546280004
4210380750
355435899
544371049
544371066
544371047
544371051
544371820
309865467
316066105
512452462
2599474596
1187213300
1681411727
4215248930
910549714
1041939115
1041939794
1041939292
939271046
939270433
939270609
1041939727
1041939319
910549478
367266619
2018206553
1839617331
712869235
1763180209
1867153149
367263013
464963959
1763180104
1839617421
1763180259
2905382195
2715305730
3217380288
2681742289
915274042
2432087769
915274117
2953829648
915291505
915291654
600646099
3207012812
1826004380
563661935
3144938650
3144938515
3144938516
1826038591
1826038593
1826038763
1826038564
1826038371
1826038896
1826038005
1826037992
1826038135
1826038320
1826038468
1826038091
1826143493
1826143141
1826143140
1826143221
1826143081
1826143510
1826143236
1826143187
1825205282
1826143515
1826143590
841516078
841516013
3891693488
841516088
841515893
836340079
802911220
802911579
802911278
802911698
853866318
841773888
841773745
847745139
847745728
847745756
847745910
847745307
847745391
847744947
847745722
847745062
847745617
847745738
847745621
847745273
847745777
847745338
847745261
847745476
847745426
802911624
847745542
836340046
836339900
836339719
836211728
3891693502
836211698
841518414
841518371
833271256
841778031
803929332
803929612
855539335
855539701
2914308180
2914308162
2914308163
786590751
1740127218
2018206449
2018206425
1801023488
1801023483
2018206432
877152347
900995439
841516150
3891693481
1827509728
803874275
836083293
836211627
544165041
836211602
832672017
832672188
833291106
832672219
832672155
832671959
803874301
826570311
841515908
1827513555
1827513533
850010062
837540794
837540851
4233126941
4233126924
4233126897
3476022261
564483548
4233301419
4233301396
3204247268
2009503166
544510406
544371026
544510381
4210380749
4231809764
544371054
355435904
544371048
2599474600
544371816
4231886945
423735545
506423562
2599474644
1024317380
1041938481
1041938513
1041939769
1041938755
1041939283
1041938848
1867153139
1487815439
1839617453
1839617259
464964100
1763180227
1763180277
910451192
464963956
2824762934
2905393001
2905382197
2715305404
301037207
3217380291
2681742484
915274178
2432087772
2953829676
915292082
915292272
3207012813
3207012811
563661924
563661902
910549586
1826038420
1826038611
1826038557
1826038722
1826038832
1826038518
1826038364
1826038934
1826038829
1826038007
1826037999
1826038169
1826038369
1826143341
1826143117
1826143252
3689200477
1826143511
1826143318
1826143242
1826143629
1826143464
1826143558
1826143591
3891693490
3891693487
841516201
841515747
836339796
802911123
802911246
853866297
853866096
841774114
841773671
841773831
847745622
847745410
847745929
847745262
841773868
316070983
847745892
847745631
847745107
847745663
847745379
847745796
847745248
802911209
836339717
3891692621
841516198
841515873
841516028
841518400
841518416
833271039
841778042
843324382
803929571
803929153
803929508
855539888
855539049
855539024
2914308170
786590759
786590748
1801059277
2018206450
2018206426
1801023491
1801023484
974358565
841516066
3891693483
1827509723
2409792028
836211862
836211725
832672076
833291027
832671955
832672121
802981549
826570655
826570422
1827513547
1827513541
850010154
837540822
837540848
837540888
4233126996
4233113282
4233126891
564483539
2009111949
528541694
1811709154
4233301285
3190842446
266809245
2009503161
544503097
544371032
4210380744
2599474601
544371045
2599474634
2599474598
4231886929
4231886979
423735542
249823983
2599474641
2599474647
3735988690
1041939405
1041939151
1041938786
1041938705
1041938457
1763845061
1763180343
367266618
1839617387
1839617257
2018206583
1763180260
910450541
464963953
356291707
367258118
2905393002
2637094837
4154369290
2715305383
2715305706
3217380293
2681739672
915274352
915274468
2507757319
915292079
915292205
2431986297
563661925
563659525
563659568
563659566
1826038453
1826038617
1826038515
1826038691
1826038819
1826038504
1826038316
1826038943
1826038941
1826038012
1826038009
1826038188
1826143347
1826143119
1826143302
3689200469
1826143463
1826143438
1826143389
1826143250
1826143632
1826143467
1826143557
1826143413
914529205
300136287
1827513582
3891693485
841516288
802911662
843324433
841773808
841773994
841774104
847745142
847745604
803929211
847577706
847745283
847745927
847745207
847791438
847745859
847745025
853886238
803929088
3891692618
803929510
841516082
3891693500
836211565
841515977
841516317
841518351
308896638
841778017
841778040
843324586
803929271
803929258
803929499
855539677
855539790
855538843
855539432
786590774
786590767
1801020808
1765194207
1040992948
2018206429
1801023495
841515787
2409792048
3610018685
836211649
836211782
832672038
833291062
802981340
826570290
826570969
837540800
4233127001
4233126994
4233113272
4233113279
301037382
2009112011
1811709155
4233301393
4233301284
3179616142
1130872481
2009503146
544503101
544371067
541347395
4210380740
4210380745
2599474518
355435918
2599474612
4231886930
4231886969
2431985860
423735534
423735552
2009111945
2018025690
1041939124
1041938691
1041938973
1041938948
1041939737
1763180116
1763180058
367266608
1839617266
1839617236
2018206536
2018206593
906921983
464963949
1763180329
367258138
2637094822
2715305483
2637094914
2715305436
3217380294
2681739674
2637094997
2955345084
915292411
915291716
4101041357
563659600
563659567
563659598
563659573
1826038477
1826038652
1826038499
1826038765
1826038393
1826038481
1826038272
1826038950
1826038948
1826038016
1826038011
1826038205
1826143294
1826143351
1826143122
1826143325
1826143462
1826143518
1665773226
1826143716
1826143639
1826143409
1826143469
1826143476
1826143555
1826143367
1826143583
1826143600
1827513563
853886235
847688081
841774028
803929599
847577896
847577785
847745083
847577506
847745453
847745259
847791421
847791365
853886130
803929103
803929601
841516077
841515896
841515842
841515988
841516239
841518389
833270972
316066235
841778048
847801125
841778024
803929470
803929546
803929046
803929669
855538762
855539397
855538977
2149340788
1801020822
1486834501
841515794
2409792029
3610018667
803885111
836211705
836211780
836211718
802981583
802981548
826570413
803885088
4233127004
4233127015
4233126993
4233113270
1901091973
910664851
412330872
2009503169
1147571744
2009502920
544503098
4210380737
2599474615
2599474613
4231886988
4231886953
2431985817
423735536
2009112009
2018025716
2599474640
1041938738
1041939358
1041939202
2795702746
1041939427
1763180317
1763180309
1763180075
3832409477
1839617256
1839617277
1839617200
2018206530
1839617201
2018206581
906921629
464963932
1763180061
4210624714
1763180341
1763180088
2637094802
2715305754
2637094939
2637094903
2637094937
2637094926
3217380332
2681732803
2445987539
915232333
915292496
915292335
4101041358
267193352
563659575
563659601
563659608
1826038456
1826038269
1826038985
1826038038
1826038031
1826038013
1826038221
1826143285
1826143296
1826143362
1826143198
1826143424
1826143443
1826143460
1826143584
1665773154
1826143666
1826143364
1826143552
1826143472
1826143267
1826143494
1826143610
1825205291
836202479
1827513556
847688082
847577910
3891694783
847791411
847801154
847745739
847791459
847791442
803929143
3891694759
841516109
841516189
841516108
841516017
841515742
841516207
841518411
833270984
841777994
841778052
308933417
841778002
851867893
803928963
803929614
803929156
803929226
855539885
855539831
855538845
855724029
1765176674
841515786
841515741
802981350
3610018669
804012050
836211867
836211662
836211727
3832408623
826570718
826570703
826570580
804011973
4233127009
1811708540
4233127020
3179621603
910665258
412330879
2009111984
4233524634
544503099
4210380733
2599474619
2800344705
2599474614
4231886981
4231886886
412331024
910664876
587754467
292443368
1041939660
3738947782
3832409471
1839617275
1839617270
2018206532
309234938
464963929
1763180344
367272758
367258183
1763180094
4211815741
2637094814
2637094950
2637094945
2637094879
2637094941
2637094958
301037208
2681732805
915232321
4101041365
309863087
563659552
563659603
563659623
1826038428
1826038251
1826038995
1826038046
1826038019
1826038381
1826038235
1826143299
1826143391
1826143653
1826143186
1826143667
1826143777
1826143549
1826143171
1826144240
1825205292
1826143670
476992115
1827513572
1827513577
1827513564
836202505
843324668
847577721
847577616
3891694781
847791454
847745605
847791453
847791432
803929701
841516031
841515854
841515784
841516315
841515799
841518436
841518434
832689049
841777992
851867979
851867408
803929224
803929693
803929387
803929478
803929554
803929095
803929557
855539374
855539586
855817500
855724036
1765176705
841516322
841516228
841515969
802981557
804012337
804012150
836211684
836211745
836211879
836211580
3832408620
826570352
826570928
826570506
826570883
826570758
4233127018
1811708514
4233127032
3179612676
3179612341
910665407
412330893
58056528
4233524635
4231886970
4231886872
4231886866
910664966
587754481
587754486
4231442100
3832409473
1839617264
1839617279
2018206561
309234625
906921463
1763180146
367258197
1763180073
4210662993
1763180130
4211815736
2637094831
2637094922
2637094965
2637094906
2637094852
2637094959
2681739676
4231253553
4101041385
1765269483
267193307
563659638
267193189
1826039008
1826038027
1826038054
1826038025
1826143257
1826143355
1826143686
1826143178
1826144248
1826143671
1827513562
1827513568
1827513578
1827513559
476992043
1827513557
1359692670
847577964
3891694785
3891694784
847791413
847791445
847745321
1820847770
847791407
841515971
841516161
841515879
841518425
832689107
832689081
851867766
851866999
851867469
851867687
803928954
803929002
803929575
803928997
803929677
2263001659
855539005
855539630
855723650
855723643
876918307
1486834508
1040896212
841516282
841516125
841516247
804012329
804012084
836211837
836211847
3832409854
826570880
804012429
1811708512
4233127028
1811708525
3179612680
3179612347
316376848
910665277
1764096405
1764096355
910665321
4233524639
4231886965
4231886864
280740648
4231442097
3832409836
1839617273
1839617251
939234881
910345689
464963920
367259165
2149340974
4210662997
4210662991
4210658383
4211815697
4211815731
2637094876
4264405252
2637094910
4264404826
2681734436
3207012817
1765269513
1765269481
267193355
563659634
563659620
1826038033
1826038065
1826038028
1826143264
1826143495
1826143248
1826143172
1826143679
1826153810
1827513552
1827513571
1827513554
847577552
3891694786
847791399
847745686
1820847802
1820847798
847791415
841516215
841515825
841516197
832689062
851868094
851867552
851867487
851867630
851867942
803929419
803929264
855539368
855539696
855539078
855723675
855723460
855539179
901000635
1040896996
841516091
804012242
804012064
804012201
826570286
826570540
2009014749
2008756082
1901092322
412332302
60890277
910664977
4233524636
4231886951
4231886835
4231886849
280740625
1839617261
1839617255
267074570
910345671
1849508270
4210662990
4210658375
4210658382
4211815691
4264405264
4264405247
2637094976
2637094872
1765269514
910549670
1765269510
563661887
563659619
1826038035
1826038079
1826143465
1826143415
1826143166
1826143975
1825205477
1827513538
1827513567
1827513573
1827513566
847577483
3891694790
847791409
847745427
1820847816
1820847871
1820847813
847791433
841516119
841516253
841515921
832689085
851867237
851866901
851867099
851867973
851866852
851867867
851866694
851866996
803929122
803929368
855538925
855539930
855539711
855723912
855723992
855817406
855538793
901000630
877248745
1040895646
1040895487
841515762
841516099
804012377
804012282
826570346
826570546
2009014674
1901092194