2,90,82,59,103,30,81,38,47,
13,82,69,48,101,19,70,27,36,
20,70,102,79,83,50,101,58,67,
1,91,83,60,104,31,82,39,48,
14,83,70,49,102,20,71,28,37,
14,81,68,49,100,20,70,28,37,
21,69,103,80,82,51,102,59,68,
2,92,84,61,105,32,83,40,49,
28,97,84,63,116,34,85,42,51,
15,80,67,50,99,21,69,29,38,
22,70,104,81,83,52,103,60,69,
30,60,112,89,73,60,111,68,77,
3,93,85,62,106,33,84,41,50,
8,96,90,67,111,38,89,46,55,
32,101,88,67,120,38,89,46,55,
19,76,63,54,95,25,65,33,42,
16,81,68,51,100,22,70,30,39,
29,77,111,88,90,59,110,67,76,
23,71,105,82,84,53,104,61,70,
44,46,126,103,59,74,113,82,91,
32,62,114,91,75,62,113,70,79,
18,86,100,77,105,48,93,56,65,
16,104,98,75,119,46,97,54,63,
21,74,61,56,93,27,63,35,44,
20,85,72,55,104,26,74,34,43,
25,73,107,84,86,55,106,63,72,
48,50,130,107,63,78,117,86,95,
62,28,144,121,41,92,95,100,109,
57,59,139,116,72,87,126,95,104,
25,93,107,84,112,55,100,63,72,
23,81,105,82,100,53,88,61,70,
21,109,101,80,124,51,102,59,68,
30,83,70,65,102,36,72,44,53,
22,73,60,57,92,28,62,36,45,
37,84,77,72,103,43,73,51,60,
38,86,120,97,99,68,95,76,85,
50,52,132,109,65,80,119,88,97,
52,54,134,111,67,82,121,90,99,
66,24,148,125,37,96,91,104,113,
58,60,140,117,73,88,127,96,105,
36,104,118,95,123,66,111,74,83,
29,75,111,88,94,59,82,67,76,
42,93,80,77,112,48,82,56,65,
35,86,75,70,105,41,75,49,58,
25,70,57,60,89,31,59,39,48,
24,75,62,59,94,30,64,38,47,
49,72,89,84,91,55,61,63,72,
42,84,124,101,103,72,91,80,89,
53,55,135,112,68,83,122,91,100,
81,39,163,140,52,111,106,119,128,
72,18,143,131,31,102,85,110,119,
31,73,113,90,92,61,80,69,78,
30,76,112,89,95,60,83,68,77,
41,92,79,76,111,47,81,55,64,
42,87,69,69,106,48,76,56,65,
27,70,59,62,89,33,59,41,50,
42,87,40,57,106,48,76,56,65,
26,69,58,61,88,32,58,40,49,
30,81,68,65,100,36,70,44,53,
25,76,63,60,95,31,65,39,48,
51,70,91,86,89,57,59,65,74,
50,73,90,85,92,56,62,64,73,
40,82,122,99,101,70,89,78,87,
94,52,176,153,65,124,119,132,141,
75,15,140,134,34,105,82,113,122,
76,22,145,135,27,106,87,114,123,
32,72,114,91,91,62,79,70,79,
32,74,114,91,93,62,81,70,79,
55,101,101,95,120,82,108,90,99,
42,93,80,77,112,48,82,56,65,
37,88,75,72,107,43,77,51,60,
46,91,73,72,110,52,76,60,69,
44,89,71,71,108,50,78,58,67,
50,95,61,61,114,56,84,64,73,
43,88,70,70,107,49,77,57,66,
33,76,65,68,95,39,65,47,56,
46,91,36,53,110,52,80,60,69,
27,68,59,62,87,33,57,41,50,
33,84,71,68,103,39,73,47,56,
32,83,66,67,102,38,72,46,55,
27,78,65,62,97,33,67,41,50,
27,78,65,62,97,33,67,41,50,
57,64,92,92,83,63,53,71,80,
74,97,114,109,116,80,86,88,97,
33,75,115,92,94,63,82,71,80,
76,14,139,135,35,106,81,114,123,
77,23,144,136,26,107,86,114,124,
65,39,104,107,58,72,46,80,95,
74,120,120,76,139,101,127,109,118,
63,109,109,103,128,90,116,98,107,
61,112,86,85,131,67,101,75,84,
43,94,81,78,113,49,83,57,66,
52,103,76,83,122,58,92,66,75,
36,87,74,71,106,42,76,50,59,
55,100,73,72,119,61,85,69,78,
48,93,75,70,112,54,74,62,71,
56,101,83,83,120,62,90,70,79,
54,99,81,81,118,60,88,68,77,
54,99,65,65,118,60,88,68,77,
62,107,49,49,126,68,92,76,79,
44,89,71,71,108,50,77,58,67,
36,79,68,71,98,42,68,50,59,
55,98,87,90,117,61,87,69,78,
34,77,66,69,96,40,66,48,57,
52,97,30,47,116,58,86,66,75,
29,70,61,64,89,35,59,43,52,
28,67,60,63,86,34,56,42,51,
36,87,74,71,106,42,76,50,59,
35,86,73,70,105,41,75,49,58,
33,84,65,68,103,39,73,47,56,
31,82,66,66,101,37,71,45,54,
32,83,64,67,102,38,72,46,55,
49,75,81,84,94,55,64,63,72,
55,40,87,90,59,55,29,63,78,
76,99,116,111,118,82,88,90,99,
88,2,127,130,47,95,69,103,118,
83,7,132,135,42,100,74,108,123,
83,29,138,141,20,106,80,108,129,
83,29,150,142,32,113,92,120,130,
64,31,96,99,50,64,38,72,87,
66,40,105,108,59,73,47,81,96,
102,153,114,43,172,107,157,115,113,
65,111,111,105,130,92,118,100,109,
59,110,84,83,129,65,99,73,82,
42,93,63,70,112,48,82,56,65,
67,118,91,83,137,73,107,81,90,
42,93,80,77,112,48,82,56,65,
39,90,77,74,109,45,79,53,62,
42,93,80,77,112,48,82,56,65,
61,106,73,66,125,67,86,75,84,
56,101,72,72,120,62,86,70,79,
51,96,78,73,115,57,77,65,74,
51,93,74,67,112,57,71,65,74,
65,110,92,92,129,71,99,79,88,
55,100,82,82,119,61,89,69,78,
55,100,66,66,119,61,87,69,78,
75,120,37,36,139,81,101,89,92,
63,112,54,44,131,68,97,76,74,
69,114,41,42,133,75,84,83,87,
52,91,79,73,110,58,69,66,75,
43,81,75,78,100,49,70,57,66,
35,78,67,70,97,41,67,49,58,
53,98,29,46,117,59,87,67,76,
33,74,65,68,93,39,63,47,56,
32,63,64,67,82,38,52,46,55,
37,88,75,72,107,43,77,51,60,
39,90,57,64,109,45,79,53,62,
38,89,59,66,108,44,78,52,61,
33,84,63,68,103,39,73,47,56,
48,81,80,83,100,54,70,62,71,
56,41,88,91,60,54,28,62,79,
43,52,75,78,71,49,41,57,66,
77,100,117,112,119,83,89,91,100,
89,1,126,129,48,94,68,102,117,
89,35,138,141,18,104,80,106,129,
88,34,133,136,15,101,75,103,124,
84,30,151,143,33,114,93,121,131,
79,46,111,114,35,79,53,87,102,
78,17,110,113,64,78,52,86,101,
69,43,108,111,62,76,50,84,99,
101,154,113,42,173,106,156,114,112,
66,112,112,106,131,93,119,101,110,
57,108,82,81,127,63,97,71,80,
51,102,72,79,121,57,91,65,74,
68,119,92,82,138,74,108,82,91,
43,93,81,78,112,49,82,57,66,
42,93,80,77,112,48,82,56,65,
46,97,84,81,116,52,86,60,69,
62,107,74,67,126,68,87,76,85,
61,103,68,61,122,67,81,75,84,
57,102,73,73,121,63,87,71,80,
59,104,86,81,123,65,85,73,82,
59,101,66,59,120,65,79,73,82,
54,89,78,71,108,60,67,68,77,
70,115,97,97,134,76,104,84,93,
56,101,83,83,120,62,90,70,79,
61,106,72,72,125,67,93,75,84,
56,101,67,66,120,62,86,70,79,
80,125,42,41,144,86,106,94,97,
78,123,40,39,142,84,104,92,95,
81,126,31,42,145,87,95,95,98,
82,133,51,50,152,88,115,96,105,
74,121,38,35,140,80,102,88,93,
47,118,70,28,137,52,103,60,58,
63,108,35,36,127,69,86,77,82,
67,111,39,42,130,73,80,81,88,
37,80,69,72,99,43,69,51,60,
54,99,30,47,118,60,88,68,77,
55,100,27,44,119,61,89,69,78,
54,99,30,47,118,60,88,68,77,
35,76,67,70,95,41,65,49,58,
34,75,66,69,94,40,64,48,57,
33,64,65,68,83,39,53,47,56,
39,56,71,74,75,45,45,53,62,
34,65,66,69,84,40,54,48,57,
42,83,74,77,102,48,72,56,65,
42,93,54,61,112,48,82,56,65,
57,42,89,92,61,53,27,61,80,
46,58,78,81,77,52,40,60,69,
82,105,122,117,124,88,94,96,105,
91,3,124,127,50,92,66,100,115,
90,2,127,130,49,95,69,103,118,
90,36,139,142,19,105,81,107,130,
89,35,134,137,14,100,76,102,125,
91,37,130,133,16,98,72,104,121,
86,49,118,121,28,86,60,94,109,
85,51,117,120,30,85,59,93,108,
113,52,145,148,99,113,87,121,136,
79,16,111,114,63,79,53,87,102,
81,20,113,116,67,81,55,89,104,
70,44,109,112,63,77,51,85,100,
87,158,99,28,177,92,142,100,98,
71,117,117,111,136,98,124,106,115,
56,107,81,80,126,62,96,70,79,
66,117,91,90,136,72,106,80,89,
52,103,73,80,122,58,92,66,75,
96,147,66,47,166,102,130,110,111,
45,86,77,80,105,51,75,59,68,
54,105,79,78,124,60,94,68,77,
68,119,106,103,138,74,108,82,91,
60,102,67,60,121,66,80,74,83,
58,103,69,64,122,64,84,72,81,
60,102,65,58,121,66,80,74,83,
61,103,68,61,122,67,81,75,84,
49,78,81,82,97,55,56,63,72,
57,92,76,69,111,63,70,71,80,
75,120,102,102,139,81,109,89,98,
59,104,86,86,123,65,93,73,82,
61,106,88,88,125,67,95,75,84,
57,102,68,67,121,63,87,71,80,
58,103,69,68,122,64,88,72,81,
82,127,30,43,146,88,96,96,99,
84,121,36,47,140,89,90,97,97,
75,126,58,57,145,81,115,89,98,
71,122,41,32,141,77,105,85,92,
40,111,68,21,130,45,96,53,51,
66,111,38,33,130,72,89,80,79,
62,107,34,37,126,68,85,76,83,
66,111,38,41,130,72,81,80,87,
69,106,44,39,125,74,75,82,84,
74,119,50,67,138,80,108,88,97,
56,101,26,45,120,62,90,70,79,
57,102,29,42,121,63,90,71,80,
59,104,35,50,123,65,93,73,82,
38,79,70,73,98,44,68,52,61,
41,82,73,76,101,47,65,55,64,
35,76,67,70,95,41,65,49,58,
34,65,66,69,84,40,52,48,57,
41,82,73,76,101,47,71,55,64,
51,102,45,52,121,57,91,65,74,
57,45,92,91,64,50,24,58,79,
47,59,79,82,78,53,39,61,70,
93,116,133,128,135,99,105,107,116,
91,4,123,126,51,91,65,99,114,
91,1,128,131,50,96,70,104,119,
99,45,148,151,28,114,90,116,139,
90,36,133,136,13,99,75,101,124,
92,38,129,132,17,97,71,105,120,
92,38,131,134,15,99,73,103,122,
124,63,156,159,110,124,98,132,147,
80,15,112,115,62,80,54,88,103,
73,47,112,115,66,80,54,88,103,
84,155,96,25,174,89,139,97,95,
78,124,124,118,143,105,131,113,122,
55,106,80,79,125,61,95,69,78,
80,131,105,85,150,86,120,94,103,
80,131,71,62,150,86,120,94,103,
82,133,52,33,152,88,116,96,97,
44,85,76,79,104,50,74,58,67,
60,111,73,72,130,66,100,74,83,
69,120,107,104,139,75,109,83,92,
61,103,68,61,122,67,81,75,84,
66,101,79,72,120,72,79,80,89,
61,103,64,57,122,67,81,75,84,
63,105,70,63,124,69,83,77,86,
45,63,77,80,82,51,41,59,68,
36,77,68,71,96,42,66,50,59,
58,93,75,68,112,64,71,72,81,
58,93,77,70,112,64,71,72,81,
90,135,117,117,154,96,124,104,113,
77,122,104,104,141,83,111,91,100,
61,106,88,88,125,67,95,75,84,
62,107,89,89,126,68,96,76,85,
65,110,76,75,129,71,95,79,88,
79,124,3,68,143,85,113,93,102,
72,109,47,40,128,77,78,85,85,
79,130,62,61,149,85,119,93,102,
72,123,61,60,142,78,112,86,95,
67,118,45,36,137,73,107,81,88,
72,123,42,31,142,78,106,86,93,
39,110,67,20,129,44,95,52,50,
37,108,69,22,127,42,93,50,48,
67,112,39,32,131,72,90,80,78,
63,108,35,38,127,69,84,77,84,
59,104,31,40,123,65,88,73,82,
60,97,53,48,116,65,66,73,82,
70,107,45,38,126,75,76,83,83,
75,120,51,68,139,81,109,89,98,
67,112,15,56,131,73,101,81,90,
66,111,38,51,130,72,99,80,89,
58,103,30,41,122,64,89,72,81,
60,105,36,51,124,66,94,74,83,
58,107,38,47,126,64,96,72,81,
42,83,74,77,102,48,72,56,65,
49,90,81,84,109,55,73,63,72,
44,75,76,79,94,50,58,58,67,
35,66,67,70,85,41,51,49,58,
40,81,72,75,100,46,70,54,63,
52,103,44,51,122,58,92,66,75,
52,55,84,87,74,58,34,66,75,
56,46,93,90,65,49,25,57,78,
58,46,93,92,65,51,23,59,80,
96,119,136,131,138,102,108,110,119,
95,118,135,130,137,101,107,109,118,
91,37,132,135,14,100,74,102,123,
91,37,134,137,12,98,76,100,125,
93,39,132,135,14,100,74,102,123,
81,16,113,116,63,81,55,89,104,
97,71,136,139,90,104,78,112,127,
71,142,83,12,161,76,126,84,82,
90,161,102,31,180,95,145,103,101,
83,129,129,123,148,110,136,118,127,
94,145,119,71,164,100,134,108,117,
81,132,106,86,151,87,121,95,104,
73,124,51,42,143,79,113,87,88,
76,127,46,27,146,82,110,90,91,
43,84,75,78,103,49,73,57,66,
67,118,66,65,137,73,107,81,90,
60,95,73,66,114,66,73,74,83,
85,127,88,81,146,91,105,99,108,
63,105,62,55,124,69,83,77,86,
70,112,77,70,131,76,90,84,93,
65,107,72,65,126,71,85,79,88,
50,59,82,85,78,56,36,64,73,
36,67,68,71,86,42,50,50,59,
46,87,78,81,106,52,76,60,69,
59,94,74,67,113,65,72,73,82,
59,94,78,71,113,65,72,73,82,
96,141,123,123,160,102,130,110,119,
90,135,117,117,154,96,124,104,113,
80,125,107,107,144,86,114,94,103,
63,108,90,90,127,69,97,77,86,
69,114,80,79,133,75,99,83,92,
81,126,1,70,145,87,115,95,104,
75,120,7,64,139,81,109,89,98,
73,110,48,41,129,78,79,86,86,
73,110,48,40,129,78,79,86,85,
71,112,50,37,131,76,81,84,82,
84,135,67,66,154,90,124,98,107,
70,121,48,39,140,76,110,84,85,
66,117,46,37,136,72,106,80,89,
76,127,46,35,146,82,110,90,97,
73,124,43,30,143,79,107,87,94,
56,127,84,37,146,61,112,69,67,
40,111,66,19,130,45,96,53,51,
41,112,69,22,131,46,97,54,52,
48,119,82,35,138,53,104,61,59,
34,105,72,25,124,39,90,47,45,
60,119,46,25,138,65,93,73,71,
54,91,59,54,110,59,60,67,76,
55,92,59,54,111,60,61,68,77,
70,109,47,36,128,75,78,83,81,
71,108,46,39,127,76,77,84,84,
76,121,52,69,140,82,110,90,99,
68,113,14,57,132,74,102,82,91,
63,108,39,54,127,69,97,77,86,
61,106,37,52,125,67,95,75,84,
57,108,39,46,127,63,97,71,80,
62,111,42,51,130,68,100,76,85,
52,93,84,87,112,58,76,66,75,
51,92,83,86,111,57,75,65,74,
53,104,45,52,123,59,93,67,76,
53,104,43,50,123,59,93,67,76,
53,56,85,88,75,59,35,67,76,
44,58,102,78,77,37,37,45,66,
19,85,77,53,104,23,64,31,41,
61,49,96,95,68,54,20,62,83,
97,120,137,132,139,103,109,111,120,
101,124,141,136,143,107,113,115,124,
95,41,136,139,18,104,78,106,127,
92,38,135,138,11,97,77,99,126,
94,40,133,136,13,99,75,101,124,
82,17,114,117,64,82,56,90,105,
109,83,148,151,102,116,90,124,139,
79,150,91,20,169,84,134,92,90,
70,141,82,11,160,75,125,83,81,
86,157,100,42,176,91,142,99,97,
94,165,106,35,184,99,149,107,105,
97,143,143,137,162,124,150,132,141,
96,147,121,69,166,102,136,110,119,
83,134,108,88,153,89,123,97,106,
83,134,108,88,153,89,123,97,106,
77,130,49,24,149,82,113,90,88,
61,96,72,65,115,67,74,75,84,
64,105,63,56,124,70,83,78,87,
69,111,76,69,130,75,89,83,92,
51,60,83,86,79,57,35,65,74,
47,88,79,82,107,53,77,61,70,
60,95,79,72,114,66,73,74,83,
91,136,118,118,155,97,125,105,114,
81,126,108,108,145,87,115,95,104,
68,113,95,95,132,74,102,82,91,
82,127,2,71,146,88,116,96,105,
76,121,8,65,140,82,110,90,99,
73,111,49,39,130,78,80,86,84,
64,115,53,30,134,69,84,77,75,
86,137,69,68,156,92,126,100,109,
72,123,50,39,142,77,112,85,83,
65,116,47,38,135,71,105,79,88,
79,130,49,38,149,85,113,93,100,
78,129,48,35,148,84,112,92,99,
58,129,86,39,148,63,114,71,69,
41,112,67,20,131,46,97,54,52,
43,114,63,16,133,48,99,56,54,
43,114,71,24,133,48,99,56,54,
44,115,72,25,134,49,100,57,55,
52,123,90,43,142,57,108,65,63,
30,101,76,29,120,35,86,43,41,
58,121,48,23,140,63,91,71,69,
52,89,61,56,108,57,58,65,74,
78,123,54,71,142,84,112,92,101,
79,124,55,72,143,85,113,93,102,
71,116,17,60,135,77,105,85,94,
62,113,44,41,132,68,102,76,85,
56,107,40,47,126,62,96,70,79,
64,113,44,53,132,70,102,78,87,
55,96,87,90,115,61,79,69,78,
54,105,46,53,124,60,94,68,77,
54,105,42,49,124,60,94,68,77,
54,57,86,89,76,60,36,68,77,
45,59,103,79,78,38,38,46,67,
43,59,101,77,78,36,38,44,65,
18,84,76,52,103,22,63,30,40,
26,92,84,60,111,30,71,38,48,
57,58,89,92,77,63,29,71,80,
69,57,104,103,76,62,28,70,91,
62,50,97,95,69,55,19,63,84,
101,124,141,136,143,107,113,115,124,
107,130,147,142,149,113,119,121,130,
102,125,142,137,144,108,114,116,125,
104,127,144,139,146,110,116,118,127,
96,42,137,140,19,105,79,107,128,
93,39,136,139,10,96,78,98,127,
95,41,134,137,12,100,76,102,125,
101,47,140,143,18,92,82,94,131,
84,19,116,119,66,84,58,92,107,
93,164,105,34,183,98,148,106,104,
66,137,78,7,156,71,121,79,77,
107,178,119,48,197,112,162,120,118,
85,156,99,43,175,90,141,98,96,
96,167,108,37,186,101,151,109,107,
103,149,149,139,168,130,156,138,147,
102,153,118,63,172,108,142,116,115,
91,142,116,96,161,97,131,105,114,
87,138,112,92,157,93,127,101,110,
100,151,125,105,170,106,140,114,123,
56,127,68,3,146,61,111,69,67,
79,132,51,26,151,84,115,92,90,
66,101,77,70,120,72,79,80,89,
64,99,69,62,118,70,77,78,87,
70,105,70,63,124,76,83,84,93,
53,62,85,88,81,59,37,67,76,
53,94,85,88,113,59,83,67,76,
82,127,109,109,146,88,116,96,105,
71,116,98,98,135,77,105,85,94,
84,129,2,73,148,90,118,98,107,
84,129,2,73,148,90,118,98,107,
77,122,9,66,141,83,111,91,100,
77,115,53,43,134,82,84,90,88,
70,121,59,36,140,75,90,83,81,
64,116,54,29,135,69,85,77,75,
63,116,54,31,135,68,85,76,74,
93,144,76,75,163,99,133,107,116,
66,129,56,33,148,71,118,79,77,
64,115,46,39,134,70,104,78,87,
65,136,93,46,155,70,121,78,76,
59,130,87,40,149,64,115,72,70,
44,115,70,23,134,49,100,57,55,
47,118,64,17,137,52,101,60,58,
46,117,60,13,136,51,102,59,57,
44,115,72,25,134,49,100,57,55,
41,112,87,40,131,46,97,54,52,
31,102,77,30,121,36,87,44,42,
29,100,77,30,119,34,85,42,40,
55,124,51,20,143,60,94,68,66,
48,85,65,60,104,53,54,61,70,
90,135,66,83,154,96,124,104,113,
81,126,57,74,145,87,115,95,104,
63,114,45,40,133,69,103,77,86,
60,111,44,46,130,66,100,74,83,
55,106,41,48,125,61,95,69,78,
70,119,50,59,138,76,108,84,93,
59,110,51,58,129,65,99,73,82,
55,58,87,90,77,61,37,69,78,
63,77,121,97,96,56,56,64,85,
44,60,102,78,79,37,39,45,66,
34,68,92,68,87,27,47,35,56,
28,94,86,62,113,32,73,40,50,
13,84,71,47,103,17,68,25,35,
19,83,77,53,102,22,62,30,41,
28,94,86,62,110,32,73,40,50,
52,70,101,86,89,57,41,65,74,
67,55,95,90,74,60,24,68,89,
63,51,98,96,70,56,18,64,85,
106,129,146,140,148,112,118,120,129,
110,133,150,145,152,116,122,124,133,
109,132,149,144,151,115,121,123,132,
103,126,143,138,145,109,115,117,126,
105,128,145,140,147,111,117,119,128,
108,131,148,143,150,114,120,122,131,
107,130,147,142,149,113,119,121,130,
102,48,143,146,25,111,85,113,134,
94,40,137,140,9,97,79,99,128,
99,45,142,145,16,90,84,92,133,
110,56,149,150,27,86,91,88,138,
85,20,117,120,67,85,59,93,108,
94,165,106,35,184,99,149,107,105,
64,135,76,5,154,69,119,77,75,
64,135,76,9,154,69,119,77,75,
106,177,118,47,196,111,161,119,117,
112,183,124,53,202,117,167,125,123,
109,180,121,50,199,114,164,122,120,
84,155,98,44,174,89,140,97,95,
99,168,113,48,187,104,155,112,110,
98,169,110,39,188,103,153,111,109,
108,154,154,134,173,135,161,143,152,
102,155,116,61,174,107,144,115,113,
103,154,128,108,173,109,143,117,126,
54,125,66,5,144,59,109,67,65,
57,128,69,2,147,62,112,70,68,
86,139,58,33,158,91,122,99,97,
72,107,83,76,126,78,85,86,95,
74,109,74,67,128,80,87,88,97,
56,65,88,91,84,62,40,70,79,
93,138,120,120,157,99,127,107,116,
83,128,110,110,147,89,117,97,106,
72,117,99,99,136,78,106,86,95,
88,133,6,77,152,94,122,102,111,
82,120,58,48,139,87,89,95,93,
71,122,60,37,141,76,91,84,82,
71,123,61,36,142,76,92,84,82,
56,123,61,26,142,61,92,69,67,
65,119,57,34,138,70,88,78,76,
96,147,79,78,166,102,136,110,119,
63,132,59,30,151,68,119,76,74,
70,141,98,51,160,75,126,83,81,
67,138,95,48,157,72,123,80,78,
60,131,88,41,150,65,116,73,71,
53,124,64,23,143,58,95,66,64,
47,118,59,12,137,52,102,60,58,
47,118,61,14,137,52,103,60,58,
45,116,73,26,135,50,101,58,56,
36,107,84,37,126,41,92,49,47,
28,99,78,31,118,33,84,41,39,
56,125,52,21,144,61,95,69,67,
54,125,52,19,144,59,95,67,65,
46,87,67,62,106,51,56,59,68,
57,76,74,69,95,62,45,70,79,
50,87,67,62,106,55,56,63,72,
102,147,78,95,166,108,136,116,125,
61,112,45,47,131,67,101,75,84,
71,120,51,60,139,77,109,85,94,
54,90,112,88,109,58,69,66,76,
33,69,91,67,88,26,48,34,55,
29,95,87,63,114,33,74,41,51,
14,85,72,48,104,16,69,24,36,
23,79,81,57,98,18,58,26,45,
29,95,87,63,109,33,74,41,51,
48,74,105,82,93,53,45,61,70,
68,56,94,89,75,61,25,69,90,
73,61,108,106,80,66,8,74,95,
108,131,148,142,150,114,120,122,131,
110,133,150,136,152,116,122,124,133,
113,136,153,148,155,119,125,127,136,
104,127,144,139,146,110,116,118,127,
106,129,146,141,148,112,118,120,129,
106,129,146,141,148,112,118,120,129,
122,145,162,157,164,128,134,136,145,
103,49,144,147,26,112,86,114,135,
99,45,142,145,4,102,84,104,133,
107,53,150,146,24,82,92,84,134,
109,55,151,148,26,84,93,86,136,
102,173,114,43,192,107,157,115,113,
63,134,75,4,153,68,118,76,74,
63,134,75,8,153,68,118,76,74,
108,179,120,49,198,113,163,121,119,
107,178,119,48,197,112,162,120,118,
107,178,119,48,197,112,162,120,118,
105,176,117,46,195,110,160,118,116,
114,185,126,55,204,119,169,127,125,
147,218,159,88,237,152,202,160,158,
110,181,122,51,200,115,165,123,121,
83,154,97,45,173,88,139,96,94,
101,170,115,50,189,106,157,114,112,
98,167,112,49,186,103,154,111,109,
99,170,111,40,189,104,154,112,110,
115,161,161,141,180,142,168,150,159,
110,156,156,132,175,137,163,145,154,
101,156,115,60,175,106,145,114,112,
109,160,134,114,179,115,149,123,132,
105,156,130,110,175,111,145,119,128,
53,124,65,6,143,58,108,66,64,
61,132,73,12,151,66,116,74,72,
59,130,71,2,149,64,114,72,70,
59,130,71,4,149,64,114,72,70,
95,148,67,42,167,100,131,108,106,
77,112,80,73,131,83,90,91,100,
76,111,76,69,130,82,89,90,99,
91,136,118,118,155,97,125,105,114,
84,129,111,111,148,90,118,98,107,
74,119,101,101,138,80,108,88,97,
91,129,67,57,148,96,98,104,102,
72,123,61,38,142,77,92,85,83,
72,124,62,37,143,77,93,85,83,
61,123,61,31,142,66,92,74,72,
67,121,59,36,140,72,90,80,78,
100,151,83,82,170,106,140,114,123,
99,150,82,81,169,105,139,113,122,
57,128,65,24,147,62,113,70,68,
68,137,64,35,156,73,124,81,79,
74,145,102,55,164,79,130,87,85,
69,140,97,50,159,74,125,82,80,
65,136,93,46,155,70,121,78,76,
56,127,67,26,146,61,98,69,67,
52,123,64,17,142,57,107,65,63,
48,119,62,15,138,53,104,61,59,
30,101,82,35,120,35,86,43,41,
27,98,79,32,117,32,83,40,38,
44,89,69,64,108,49,58,57,66,
65,68,82,77,87,70,37,78,87,
68,87,85,80,106,73,56,81,90,
52,89,69,64,108,57,58,65,74,
72,121,52,61,140,78,110,86,95,
46,98,104,80,106,50,77,58,68,
61,97,119,95,116,65,76,73,83,
24,78,82,58,97,17,57,25,46,
21,92,79,55,111,9,76,17,43,
34,100,92,68,104,38,79,46,56,
28,94,86,62,113,33,65,41,50,
69,59,91,86,78,64,28,72,91,
74,62,109,107,81,67,7,75,96,
109,132,149,143,151,115,121,123,132,
111,134,151,135,153,117,123,125,134,
124,147,164,159,166,130,136,138,147,
111,134,151,146,153,117,123,125,134,
107,130,147,142,149,113,119,121,130,
107,130,147,142,149,113,119,121,130,
128,151,168,163,170,134,140,142,151,
121,67,162,165,44,130,104,132,153,
100,46,143,146,5,103,85,105,134,
100,46,143,146,3,103,85,105,134,
106,59,156,140,30,76,98,78,128,
107,60,156,141,31,77,99,79,129,
62,133,74,3,152,67,117,75,73,
62,133,74,7,152,67,117,75,73,
109,180,121,50,199,114,164,122,120,
123,194,135,64,213,128,178,136,134,
160,231,172,101,250,165,215,173,171,
98,159,112,57,178,103,148,111,109,
82,153,96,46,172,87,138,95,93,
102,171,116,51,190,107,158,115,113,
96,165,110,51,184,101,152,109,107,
105,176,117,46,195,110,160,118,116,
116,162,162,142,181,143,169,151,160,
111,157,157,131,176,138,164,146,155,
126,177,151,131,196,132,166,140,149,
106,157,131,111,176,112,146,120,129,
107,158,132,112,177,113,147,121,130,
60,131,72,1,150,65,115,73,71,
60,131,72,5,150,65,115,73,71,
109,162,81,56,181,114,145,122,120,
95,151,70,45,170,100,134,108,106,
96,149,68,43,168,101,132,109,107,
78,113,81,74,132,84,91,92,101,
77,112,77,70,131,83,90,91,100,
85,130,112,112,149,91,119,99,108,
76,121,103,103,140,82,110,90,99,
75,120,102,102,139,81,109,89,98,
92,130,68,58,149,97,99,105,103,
75,126,64,41,145,80,95,88,86,
76,127,65,42,146,81,96,89,87,
73,125,63,38,144,78,94,86,84,
73,125,63,38,144,78,94,86,84,
66,128,66,36,147,71,97,79,77,
69,123,61,38,142,74,92,82,80,
106,157,89,88,176,112,146,120,129,
100,151,83,82,170,106,140,114,123,
104,155,87,86,174,110,144,118,127,
53,124,67,20,143,58,109,66,64,
59,130,67,26,149,64,115,72,70,
72,141,68,39,160,77,128,85,83,
77,148,105,58,167,82,133,90,88,
70,141,98,51,160,75,126,83,81,
71,142,99,52,161,76,127,84,82,
67,138,95,48,157,72,123,80,78,
67,138,78,37,157,72,109,80,78,
58,129,70,23,148,63,102,71,69,
50,121,64,17,140,55,106,63,61,
50,121,64,17,140,55,106,63,61,
31,102,83,36,121,36,87,44,42,
28,99,80,33,118,33,84,41,39,
26,97,80,33,116,31,82,39,37,
35,95,78,69,114,40,64,48,57,
66,67,83,78,86,71,36,79,88,
52,91,76,71,110,57,60,65,74,
74,123,54,63,142,80,112,88,97,
73,122,53,62,141,79,111,87,96,
43,101,101,77,103,47,80,55,65,
62,98,120,96,117,66,77,74,84,
33,89,91,67,108,6,68,14,55,
22,93,80,56,112,8,77,16,44,
30,101,88,64,120,18,85,26,52,
40,104,98,74,100,44,83,52,62,
36,102,94,70,102,40,81,48,58,
33,99,91,67,118,38,70,46,55,
27,95,85,61,114,32,66,40,49,
69,64,86,81,83,69,33,77,91,
68,60,92,87,79,65,29,73,90,
75,63,110,108,82,68,6,76,97,
121,144,161,125,163,127,133,135,144,
132,155,172,167,174,138,144,146,155,
124,147,164,159,166,130,136,138,147,
146,169,186,181,188,152,158,160,169,
108,131,148,143,150,114,120,122,131,
133,156,173,168,175,139,145,147,156,
122,68,163,166,45,131,105,133,154,
123,69,164,167,46,132,106,134,155,
102,48,145,148,1,105,87,107,136,
101,47,144,147,4,104,86,106,135,
99,66,157,133,37,69,105,71,121,
99,68,148,133,39,85,107,87,121,
61,132,73,2,151,66,116,74,72,
61,132,73,6,151,66,116,74,72,
111,182,123,52,201,116,166,124,122,
142,213,154,83,232,147,197,155,153,
124,195,136,65,214,129,179,137,135,
130,201,142,71,220,135,185,143,141,
74,145,88,41,164,79,130,87,85,
108,177,122,57,196,113,164,121,119,
116,185,111,63,204,121,172,129,127,
106,177,118,47,196,111,161,119,117,
120,166,166,146,185,147,173,155,164,
112,158,158,130,177,139,165,147,156,
131,182,156,136,201,137,171,145,154,
108,159,133,113,178,114,148,122,131,
106,159,78,53,178,111,142,119,117,
85,154,80,52,173,90,141,98,96,
95,152,71,46,171,100,135,108,106,
101,154,73,48,173,106,137,114,112,
78,113,78,71,132,84,91,92,101,
96,141,123,123,160,102,130,110,119,
87,132,114,114,151,93,121,101,110,
77,122,104,104,141,83,111,91,100,
93,131,69,59,150,98,100,106,104,
76,127,65,42,146,81,96,89,87,
79,130,68,45,149,84,99,92,90,
84,135,73,50,154,89,104,97,95,
75,127,65,40,146,80,96,88,86,
72,126,64,41,145,77,95,85,83,
101,152,84,83,171,107,141,115,124,
55,126,69,22,145,60,111,68,66,
52,123,66,19,142,57,108,65,63,
60,131,68,27,150,65,116,73,71,
76,145,72,43,164,81,132,89,87,
75,144,71,42,163,80,131,88,86,
71,142,99,52,161,76,127,84,82,
72,143,100,53,162,77,128,85,83,
70,141,98,51,160,75,126,83,81,
75,146,103,56,165,80,131,88,86,
70,141,81,40,160,75,112,83,81,
53,124,67,20,143,58,109,66,64,
27,98,81,34,117,32,83,40,38,
23,94,81,36,113,28,79,36,34,
34,94,79,68,113,39,63,47,56,
54,93,78,73,112,59,62,67,76,
51,90,77,72,109,56,59,64,73,
83,132,63,72,151,89,121,97,106,
77,126,57,66,145,83,115,91,100,
75,124,55,64,143,81,113,89,98,
42,102,100,76,102,46,81,54,64,
32,90,90,66,109,5,69,13,54,
40,96,98,74,115,13,75,21,62,
26,96,84,60,110,4,75,12,48,
31,102,89,65,121,19,86,27,53,
49,113,107,83,109,53,92,61,71,
42,108,100,76,96,46,87,54,64,
41,103,99,75,101,45,82,53,63,
39,105,97,73,105,43,84,51,61,
40,106,98,74,98,44,85,52,62,
27,98,85,61,117,32,76,40,49,
26,96,84,60,115,31,67,39,48,
66,62,94,89,81,67,31,75,88,
76,64,111,109,83,69,7,77,98,
76,64,111,109,83,69,5,77,98,
123,146,163,127,165,129,135,137,146,
124,147,164,122,166,130,136,138,147,
141,164,181,176,183,147,153,155,164,
149,172,189,184,191,155,161,163,172,
109,132,149,144,151,115,121,123,132,
137,160,177,172,179,143,149,151,160,
123,69,164,167,46,132,106,134,155,
124,70,165,168,47,133,107,135,156,
124,70,165,168,47,133,107,135,156,
103,49,146,149,2,106,88,108,137,
103,49,146,149,2,106,88,108,137,
102,48,145,148,5,105,87,107,136,
98,67,156,132,38,68,106,70,120,
89,78,138,123,49,93,108,97,111,
118,189,130,59,208,123,173,131,129,
128,199,140,69,218,133,183,141,139,
159,230,171,100,249,164,214,172,170,
148,219,160,89,238,153,203,161,159,
73,144,87,40,163,78,129,86,84,
113,182,119,62,201,118,169,126,124,
114,183,109,65,202,119,170,127,125,
120,189,115,67,208,125,176,133,131,
113,184,125,54,203,118,168,126,124,
113,159,159,129,178,140,166,148,157,
82,151,78,49,170,87,138,95,93,
89,158,84,56,177,94,145,102,100,
94,153,72,47,172,99,136,107,105,
90,125,90,83,144,96,103,104,113,
97,142,124,124,161,103,131,111,120,
78,123,105,105,142,84,112,92,101,
78,123,105,105,142,84,112,92,101,
95,133,71,61,152,100,102,108,106,
77,128,66,43,147,82,97,90,88,
80,131,69,46,150,85,100,93,91,
85,136,74,51,155,90,105,98,96,
85,136,74,51,155,90,105,98,96,
102,153,85,84,172,108,142,116,125,
56,127,70,23,146,61,112,69,67,
53,124,67,20,143,58,109,66,64,
78,147,74,45,166,83,134,91,89,
76,145,72,43,164,81,132,89,87,
72,143,100,53,162,77,128,85,83,
74,145,102,55,164,79,130,87,85,
71,142,99,52,161,76,127,84,82,
78,149,106,59,168,83,134,91,89,
79,150,107,60,169,84,135,92,90,
22,93,80,37,112,27,78,35,33,
17,88,75,51,107,22,73,30,39,
35,93,80,69,112,40,62,48,57,
50,89,78,73,108,55,58,63,72,
80,129,60,69,148,86,118,94,103,
31,91,89,65,110,4,70,12,53,
44,100,102,78,119,17,79,25,66,
28,94,86,62,108,2,73,10,50,
36,107,94,70,126,24,91,32,58,
50,114,108,84,110,54,93,62,72,
43,109,101,77,101,47,88,55,65,
45,111,103,79,93,49,90,57,67,
44,110,102,78,108,48,89,56,66,
41,107,99,75,103,45,86,53,63,
26,97,84,60,116,31,75,39,48,
27,97,85,61,116,32,68,40,49,
24,95,82,58,114,29,69,37,46,
65,63,95,90,82,68,32,76,87,
77,65,112,110,84,70,8,78,99,
77,65,112,110,84,70,7,78,99,
77,65,112,110,84,70,6,78,99,
77,65,112,110,84,70,4,78,99,
162,185,181,110,204,168,174,176,180,
126,149,166,120,168,132,138,140,149,
142,165,182,177,184,148,154,156,165,
151,174,191,186,193,157,163,165,174,
110,133,150,145,152,116,122,124,133,
138,161,178,173,180,144,150,152,161,
124,70,165,168,47,133,107,135,156,
124,70,165,168,47,133,107,135,156,
126,72,167,170,49,135,109,137,158,
126,72,167,170,49,135,109,137,158,
125,71,166,169,48,134,108,136,157,
103,49,146,149,6,106,88,108,137,
97,68,155,131,39,67,107,69,119,
86,81,135,120,52,90,105,98,108,
120,191,132,61,210,125,175,133,131,
126,197,138,67,216,131,181,139,137,
136,207,148,77,226,141,191,149,147,
140,211,152,81,230,145,195,153,151,
149,220,161,90,239,154,204,162,160,
68,139,82,35,158,73,124,81,79,
115,184,117,64,203,120,171,128,126,
118,187,113,69,206,123,174,131,129,
112,181,107,67,200,117,168,125,123,
127,196,122,74,215,132,183,140,138,
122,191,117,69,210,127,178,135,133,
119,190,131,60,209,124,174,132,130,
115,161,161,127,180,142,168,150,159,
90,159,85,57,178,95,146,103,101,
93,154,73,48,173,98,137,106,104,
79,124,106,106,143,85,113,93,102,
81,126,108,108,145,87,115,95,104,
81,126,108,108,145,87,115,95,104,
97,135,73,63,154,102,104,110,108,
80,131,69,46,150,85,100,93,91,
81,132,70,47,151,86,101,94,92,
83,134,72,49,153,88,103,96,94,
86,137,75,52,156,91,106,99,97,
86,137,75,52,156,91,106,99,97,
106,157,89,88,176,112,146,120,129,
57,128,71,24,147,62,113,70,68,
54,125,68,21,144,59,110,67,65,
82,151,78,49,170,87,138,95,93,
79,148,75,46,167,84,135,92,90,
77,146,73,44,165,82,133,90,88,
74,145,102,55,164,79,130,87,85,
75,146,103,56,165,80,131,88,86,
75,146,103,56,165,80,131,88,86,
76,147,104,57,166,81,132,89,87,
83,154,111,64,173,88,139,96,94,
91,162,119,72,181,96,147,104,102,
92,163,120,73,182,97,148,105,103,
81,152,109,62,171,86,137,94,92,
20,91,78,39,110,25,76,33,31,
14,85,72,48,104,19,70,27,36,
19,90,77,53,109,24,75,32,41,
27,98,85,61,117,32,74,40,49,
38,90,83,72,109,43,59,51,60,
49,88,79,74,107,54,57,62,71,
29,93,87,63,108,2,72,10,51,
51,107,109,85,126,24,86,32,73,
29,94,87,63,107,1,73,9,51,
63,127,121,97,123,67,106,75,85,
47,113,105,81,105,51,92,59,69,
49,115,107,83,89,53,94,61,71,
48,114,106,82,96,52,93,60,70,
45,111,103,79,107,49,90,57,67,
46,112,104,80,110,50,91,58,68,
43,109,101,77,105,47,88,55,65,
39,110,97,73,129,44,88,52,61,
25,96,83,59,115,30,76,38,47,
28,99,86,62,118,33,73,41,50,
23,94,81,57,113,28,70,36,45,
68,66,98,93,85,71,35,79,90,
63,65,97,92,84,68,34,76,85,
78,66,113,111,85,71,9,79,100,
78,66,113,111,85,71,8,79,100,
78,66,113,111,85,71,7,79,100,
78,66,113,111,85,71,3,79,100,
158,192,170,99,211,163,181,171,169,
160,194,172,101,213,165,183,173,171,
127,150,167,119,169,133,139,141,150,
143,166,183,178,185,149,155,157,166,
152,175,192,187,194,158,164,166,175,
111,134,151,146,153,117,123,125,134,
140,163,180,175,182,146,152,154,163,
125,71,166,169,48,134,108,136,157,
126,72,167,170,49,135,109,137,158,
126,72,167,170,49,135,109,137,158,
104,50,147,150,7,107,89,109,138,
104,50,147,150,7,107,89,109,138,
86,79,144,120,50,56,118,58,108,
83,84,132,117,55,87,102,95,105,
125,196,137,66,215,130,180,138,136,
130,198,142,71,217,135,185,143,141,
152,223,164,93,242,157,207,165,163,
148,219,155,89,238,153,203,161,159,
154,225,166,95,244,159,209,167,165,
151,222,163,92,241,156,206,164,162,
67,138,81,34,157,72,123,80,78,
117,186,112,69,205,122,173,130,128,
120,189,122,69,208,125,176,133,131,
113,182,108,68,201,118,169,126,124,
111,180,106,68,199,116,167,124,122,
130,199,125,77,218,135,186,143,141,
129,198,124,76,217,134,185,142,140,
126,195,121,73,214,131,182,139,137,
124,193,119,71,212,129,180,137,135,
121,192,133,62,211,126,176,134,132,
123,194,135,64,213,128,178,136,134,
118,164,164,124,183,145,171,153,162,
135,181,181,147,200,162,188,170,179,
91,160,86,58,179,96,147,104,102,
95,156,75,50,175,100,139,108,106,
80,125,107,107,144,86,114,94,103,
82,127,109,109,146,88,116,96,105,
84,129,111,111,148,90,118,98,107,
83,128,110,110,147,89,117,97,106,
112,150,88,78,169,117,119,125,123,
83,134,72,49,153,88,103,96,94,
82,133,71,48,152,87,102,95,93,
84,135,73,50,154,89,104,97,95,
90,141,79,56,160,95,110,103,101,
88,139,77,54,158,93,108,101,99,
62,133,76,29,152,67,118,75,73,
59,130,73,26,149,64,115,72,70,
88,157,84,55,176,93,144,101,99,
87,156,83,54,175,92,143,100,98,
78,147,74,45,166,83,134,91,89,
87,156,83,54,175,92,143,100,98,
86,157,114,67,176,91,142,99,97,
77,148,105,58,167,82,133,90,88,
95,166,123,76,185,100,151,108,106,
86,157,114,67,176,91,142,99,97,
21,92,79,40,111,26,77,34,32,
19,90,77,40,109,24,75,32,30,
13,84,71,47,103,18,69,26,35,
21,92,79,55,111,26,77,34,43,
22,93,80,56,112,27,78,35,44,
28,99,86,62,118,33,75,41,50,
30,101,88,64,120,35,77,43,52,
40,88,85,74,107,45,57,53,62,
45,84,83,78,103,50,53,58,67,
52,108,110,86,127,25,87,33,74,
30,95,88,64,106,2,74,8,52,
66,130,124,100,126,70,109,78,88,
64,128,122,98,124,68,107,76,86,
101,167,159,135,159,105,146,113,123,
47,113,105,81,106,51,92,59,69,
62,105,120,96,76,66,107,74,84,
49,115,107,83,97,53,94,61,71,
49,115,107,83,113,53,94,61,71,
23,94,81,57,113,28,78,36,45,
26,97,84,60,116,31,77,39,48,
27,98,85,61,117,32,79,40,49,
22,93,80,56,112,27,71,35,44,
62,66,98,93,85,67,35,75,84,
79,67,114,112,86,72,10,80,101,
79,67,114,112,86,72,9,80,101,
79,67,114,112,86,72,8,80,101,
79,67,114,112,86,72,2,80,101,
155,189,167,96,208,160,178,168,166,
128,151,168,118,170,134,140,142,151,
169,192,209,204,211,175,181,183,192,
141,164,181,176,183,147,153,155,164,
127,73,168,171,50,136,110,138,159,
129,75,170,173,52,138,112,140,161,
128,74,169,172,51,137,111,139,160,
127,73,168,171,50,136,110,138,159,
107,53,150,153,10,110,92,112,141,
108,54,151,154,11,111,93,113,142,
105,51,148,151,8,108,90,110,139,
106,52,149,152,9,109,91,111,140,
94,87,152,128,58,64,126,66,116,
81,84,139,115,55,51,123,53,103,
82,85,131,116,56,86,101,94,104,
131,199,143,72,218,136,186,144,142,
133,195,145,74,214,138,184,146,144,
153,224,165,94,243,158,208,166,164,
152,223,151,93,242,157,207,165,163,
162,233,174,103,252,167,217,175,173,
66,137,80,33,156,71,122,79,77,
114,183,109,69,202,119,170,127,125,
122,191,124,71,210,127,178,135,133,
123,192,125,72,211,128,179,136,134,
109,178,104,70,197,114,165,122,120,
134,203,129,81,222,139,190,147,145,
132,201,127,79,220,137,188,145,143,
132,201,127,79,220,137,188,145,143,
127,196,122,74,215,132,183,140,138,
127,196,122,74,215,132,183,140,138,
125,194,120,72,213,130,181,138,136,
122,193,134,63,212,127,177,135,133,
124,195,136,65,214,129,179,137,135,
122,168,168,120,187,149,175,157,166,
123,169,169,129,188,150,176,158,167,
139,185,185,151,204,166,192,174,183,
92,161,87,59,180,97,148,105,103,
97,158,77,52,177,102,141,110,108,
96,157,76,51,176,101,140,109,107,
83,128,110,110,147,89,117,97,106,
84,129,111,111,148,90,118,98,107,
89,140,78,55,159,94,109,102,100,
86,137,75,52,156,91,106,99,97,
83,134,72,49,153,88,103,96,94,
88,139,77,54,158,93,108,101,99,
92,143,81,58,162,97,112,105,103,
92,143,81,58,162,97,112,105,103,
62,133,76,29,152,67,118,75,73,
90,159,86,57,178,95,146,103,101,
88,157,84,55,176,93,144,101,99,
94,162,81,56,181,99,145,107,105,
88,157,84,55,176,93,144,101,99,
90,161,118,71,180,95,146,103,101,
96,167,124,77,186,101,152,109,107,
99,170,127,80,189,104,155,112,110,
89,160,117,70,179,94,145,102,100,
28,99,86,47,118,33,84,41,39,
18,89,76,41,108,23,74,31,29,
14,85,72,48,104,19,70,27,36,
26,97,84,60,116,31,78,39,48,
25,96,83,59,115,30,80,38,47,
39,110,97,73,129,44,86,52,61,
30,101,88,64,120,35,74,43,52,
32,103,90,66,122,37,79,45,54,
42,86,87,76,105,47,55,55,64,
54,93,92,87,95,59,62,67,76,
51,77,90,85,96,56,46,64,73,
53,109,111,87,128,26,88,34,75,
32,97,90,66,104,2,76,6,54,
67,131,125,101,127,71,110,79,89,
65,129,123,99,125,69,108,77,87,
67,131,125,101,127,71,110,79,89,
57,123,115,91,116,61,102,69,79,
79,88,130,113,59,83,100,91,101,
65,131,123,99,113,69,110,77,87,
52,118,110,86,116,56,97,64,74,
56,122,114,90,120,60,101,68,78,
29,100,87,63,119,34,80,42,51,
32,103,90,66,122,37,84,45,54,
21,92,79,55,111,26,72,34,43,
70,74,106,101,93,75,43,83,92,
59,69,98,93,88,64,38,72,81,
82,70,117,115,89,75,12,83,104,
80,68,115,113,87,73,10,81,102,
80,68,115,113,87,73,9,81,102,
80,68,115,113,87,73,1,81,102,
157,191,169,98,210,162,180,170,168,
153,187,165,94,206,158,176,166,164,
129,152,169,117,171,135,141,143,152,
170,193,210,205,212,176,182,184,193,
143,166,183,178,185,149,155,157,166,
108,54,151,154,11,111,93,113,142,
109,55,152,155,12,112,94,114,143,
112,58,155,158,15,115,97,117,146,
107,53,150,153,10,110,92,112,141,
99,92,157,133,63,69,131,71,121,
99,92,157,133,63,69,131,71,121,
78,87,136,112,58,48,122,50,100,
81,86,130,115,57,85,100,93,103,
132,200,144,73,219,137,187,145,143,
132,200,144,73,219,137,187,145,143,
134,196,146,75,215,139,185,147,145,
138,190,150,79,209,143,179,151,149,
159,230,171,100,249,164,214,172,170,
153,224,150,94,243,158,208,166,164,
163,234,175,104,253,168,218,176,174,
163,234,175,104,253,168,218,176,174,
65,136,79,32,155,70,121,78,76,
125,194,127,74,213,130,181,138,136,
125,194,127,74,213,130,181,138,136,
124,193,126,73,212,129,180,137,135,
114,183,109,75,202,119,170,127,125,
98,167,93,65,186,103,154,111,109,
139,208,134,86,227,144,195,152,150,
135,204,130,82,223,140,191,148,146,
133,202,128,80,221,138,189,146,144,
177,246,172,124,265,182,233,190,188,
141,210,143,90,229,146,197,154,152,
131,200,126,78,219,136,187,144,142,
129,198,124,76,217,134,185,142,140,
131,200,126,78,219,136,187,144,142,
131,200,126,78,219,136,187,144,142,
124,195,136,65,214,129,179,137,135,
127,173,173,115,192,154,180,162,171,
125,171,171,123,190,152,178,160,169,
134,180,180,140,199,161,187,169,178,
140,186,186,152,205,167,193,175,184,
94,163,89,61,182,99,150,107,105,
95,164,90,62,183,100,151,108,106,
98,159,78,53,178,103,142,111,109,
97,159,78,53,178,102,142,110,108,
97,158,77,52,177,102,141,110,108,
84,129,111,111,148,90,118,98,107,
86,131,113,113,150,92,120,100,109,
85,130,112,112,149,91,119,99,108,
94,145,83,60,164,99,114,107,105,
90,141,79,56,160,95,110,103,101,
93,144,82,59,163,98,113,106,104,
94,145,83,60,164,99,114,107,105,
97,148,86,63,167,102,117,110,108,
97,166,93,64,185,102,153,110,108,
96,165,92,63,184,101,152,109,107,
90,159,86,57,178,95,146,103,101,
101,169,88,63,188,106,152,114,112,
91,162,119,72,181,96,147,104,102,
91,162,119,72,181,96,147,104,102,
104,175,132,85,194,109,160,117,115,
98,169,126,79,188,103,154,111,109,
19,90,77,42,109,24,75,32,28,
19,90,77,42,109,24,75,32,30,
17,88,75,42,107,22,73,30,30,
41,112,99,75,131,46,97,54,63,
15,86,73,49,105,20,71,28,37,
40,111,98,74,130,45,87,53,62,
36,107,94,70,126,41,80,49,58,
37,98,95,71,117,42,67,50,59,
34,105,92,68,124,39,81,47,56,
33,104,91,67,123,38,80,46,55,
41,94,95,75,113,46,63,54,63,
43,85,88,77,104,48,54,56,65,
56,95,94,89,93,61,64,69,78,
70,96,109,104,115,75,65,83,92,
47,81,92,81,100,52,50,60,69,
54,110,112,88,129,27,89,35,76,
54,110,112,88,129,27,89,35,76,
33,98,91,67,103,3,77,5,55,
33,98,91,67,105,3,77,5,55,
69,133,127,103,129,73,112,81,91,
66,130,124,100,126,70,109,78,88,
59,125,117,93,118,63,104,71,81,
60,126,118,94,119,64,105,72,82,
80,89,131,114,60,84,101,92,102,
67,133,125,101,115,71,112,79,89,
57,123,115,91,121,61,102,69,79,
31,102,89,65,121,36,82,44,53,
36,107,94,70,126,41,88,49,58,
34,105,92,68,124,39,86,47,56,
23,94,81,57,113,28,74,36,45,
20,91,78,54,110,25,73,33,42,
82,86,118,113,105,87,55,95,104,
62,72,101,96,91,67,41,75,84,
83,71,118,116,90,76,13,84,105,
81,69,116,114,88,74,11,82,103,
85,73,120,118,92,78,14,86,107,
81,69,116,114,88,74,2,82,103,
158,192,170,99,211,163,181,171,169,
152,186,164,93,205,157,175,165,163,
152,175,192,140,194,158,164,166,175,
133,156,173,113,175,139,145,147,156,
172,195,212,207,214,178,184,186,195,
144,167,184,179,186,150,156,158,167,
144,167,184,179,186,150,156,158,167,
113,59,156,159,16,116,98,118,147,
110,56,153,156,13,113,95,115,144,
110,56,153,156,13,113,95,115,144,
108,54,151,154,11,111,93,113,142,
100,93,158,134,64,70,132,72,122,
77,88,135,111,59,47,121,49,99,
133,201,145,74,220,138,188,146,144,
133,201,145,74,220,138,188,146,144,
135,197,147,76,216,140,186,148,146,
136,198,148,77,217,141,187,149,147,
139,189,151,80,208,144,178,152,150,
160,231,172,101,250,165,215,173,171,
160,231,172,101,250,165,215,173,171,
138,207,133,85,226,143,194,151,149,
167,238,179,108,257,172,222,180,178,
164,235,176,105,254,169,219,177,175,
164,235,176,105,254,169,219,177,175,
127,196,129,76,215,132,183,140,138,
126,195,128,75,214,131,182,139,137,
126,195,128,75,214,131,182,139,137,
114,183,110,79,202,119,170,127,125,
143,212,138,90,231,148,199,156,154,
145,214,140,92,233,150,201,158,156,
178,247,173,125,266,183,234,191,189,
169,238,164,116,257,174,225,182,180,
129,198,131,78,217,134,185,142,140,
157,226,159,106,245,162,213,170,168,
132,201,127,79,220,137,188,145,143,
143,212,138,90,231,148,199,156,154,
137,206,132,84,225,142,193,150,148,
132,201,127,79,220,137,188,145,143,
126,197,138,67,216,131,181,139,137,
128,174,174,114,193,155,181,163,172,
130,176,176,128,195,157,183,165,174,
137,183,183,143,202,164,190,172,181,
137,183,183,140,202,164,190,172,181,
141,187,187,153,206,168,194,176,185,
141,187,187,153,206,168,194,176,185,
95,164,90,62,183,100,151,108,106,
99,160,79,54,179,104,143,112,110,
104,165,84,59,184,109,148,117,115,
86,131,113,113,150,92,120,100,109,
88,133,115,115,152,94,122,102,111,
89,134,116,116,153,95,123,103,112,
86,131,113,113,150,92,120,100,109,
95,146,84,61,165,100,115,108,106,
95,146,84,61,165,100,115,108,106,
101,152,90,67,171,106,121,114,112,
102,153,91,68,172,107,122,115,113,
98,167,94,65,186,103,154,111,109,
98,167,94,65,186,103,154,111,109,
97,166,93,64,185,102,153,110,108,
101,170,97,68,189,106,157,114,112,
102,163,82,57,182,107,146,115,113,
92,163,120,73,182,97,148,105,103,
92,163,120,73,182,97,148,105,103,
93,164,121,74,183,98,149,106,104,
109,180,137,90,199,114,165,122,120,
106,177,134,87,196,111,162,119,117,
107,178,135,88,197,112,163,120,118,
36,107,94,59,126,41,92,49,11,
23,94,81,46,113,28,79,36,34,
22,93,80,45,112,27,78,35,33,
15,86,73,44,105,20,71,28,32,
52,123,110,86,142,57,108,65,74,
46,117,104,80,136,51,102,59,68,
19,90,77,53,109,24,75,32,41,
16,87,74,50,106,21,72,29,38,
44,115,102,78,134,49,88,57,66,
37,108,95,71,127,42,81,50,59,
46,101,104,80,120,51,70,59,68,
35,106,93,69,125,40,82,48,57,
34,105,92,68,124,39,81,47,56,
48,92,99,82,111,53,61,61,70,
45,83,90,79,102,50,52,58,67,
77,143,135,111,141,81,113,89,99,
57,96,95,90,92,62,65,70,79,
75,101,114,109,120,80,70,88,97,
70,97,110,104,116,75,66,83,92,
49,83,94,83,102,54,52,62,71,
55,111,113,89,130,28,90,36,77,
55,111,113,89,130,28,90,36,77,
55,111,113,89,130,28,90,36,77,
36,101,94,70,100,6,80,8,58,
34,99,92,68,104,4,78,4,56,
34,99,92,68,106,4,78,6,56,
37,102,95,71,109,7,81,1,59,
60,126,118,94,119,64,105,72,82,
61,127,119,95,120,65,106,73,83,
82,91,133,116,62,86,103,94,104,
60,99,98,93,89,65,68,73,82,
105,112,154,139,83,109,124,117,127,
68,134,126,102,116,72,113,80,90,
67,133,125,101,131,71,112,79,89,
32,103,90,66,122,37,83,45,54,
32,103,90,66,122,37,83,45,54,
37,108,95,71,127,42,89,50,59,
35,106,93,69,125,40,87,48,57,
24,95,82,58,114,29,75,37,46,
21,92,79,55,111,26,74,34,43,
19,90,77,53,109,24,74,32,41,
84,88,120,115,107,89,57,97,106,
63,73,102,97,92,68,42,76,85,
84,72,119,117,91,77,14,85,106,
86,74,121,119,93,79,15,87,108,
82,70,117,115,89,75,1,83,104,
162,196,174,103,215,167,185,175,173,
147,183,159,88,202,152,172,160,158,
156,179,171,100,198,162,168,170,170,
153,187,165,94,206,158,176,166,164,
134,157,174,114,176,140,146,148,157,
136,159,176,110,178,142,148,150,159,
173,196,213,208,215,179,185,187,196,
145,168,185,180,187,151,157,159,168,
145,168,185,180,187,151,157,159,168,
113,59,156,159,16,116,98,118,147,
111,57,154,157,14,114,96,116,145,
112,58,155,158,15,115,97,117,146,
110,56,153,156,13,113,95,115,144,
109,55,152,155,12,112,94,114,143,
75,90,133,109,61,45,119,47,97,
78,89,136,112,60,48,122,50,100,
136,198,148,77,217,141,187,149,147,
138,200,150,79,219,143,189,151,149,
137,199,149,78,218,142,188,150,148,
140,190,152,81,209,145,179,153,151,
140,188,152,81,207,145,177,153,151,
165,236,177,106,255,170,220,178,176,
165,236,177,106,255,170,220,178,176,
131,200,133,80,219,136,187,144,142,
130,199,132,79,218,135,186,143,141,
127,196,129,76,215,132,183,140,138,
125,194,121,90,213,130,181,138,136,
101,170,97,68,189,106,157,114,112,
144,213,139,91,232,149,200,157,155,
146,215,141,93,234,151,202,159,157,
181,250,176,128,269,186,237,194,192,
170,239,165,117,258,175,226,183,181,
168,237,163,115,256,173,224,181,179,
158,227,160,107,246,163,214,171,169,
144,213,139,91,232,149,200,157,155,
152,221,147,99,240,157,208,165,163,
145,214,140,92,233,150,201,158,156,
142,211,137,89,230,147,198,155,153,
140,209,135,87,228,145,196,153,151,
127,198,139,68,217,132,182,140,138,
127,198,139,68,217,132,182,140,138,
129,200,141,70,219,134,184,142,140,
142,188,171,100,207,164,191,172,170,
131,177,177,129,196,158,184,166,175,
138,184,184,144,203,165,191,173,182,
140,186,186,137,205,167,193,175,184,
138,184,184,141,203,165,191,173,182,
142,188,188,154,207,169,195,177,186,
105,166,85,60,185,110,149,118,116,
87,132,114,114,151,93,121,101,110,
98,149,87,64,168,103,118,111,109,
103,154,92,69,173,108,123,116,114,
99,168,95,66,187,104,155,112,110,
101,170,97,68,189,106,157,114,112,
104,173,100,71,192,109,160,117,115,
108,177,103,75,196,113,164,121,119,
93,164,121,74,183,98,149,106,104,
93,164,121,74,183,98,149,106,104,
93,164,121,74,183,98,149,106,104,
119,190,147,100,209,124,175,132,130,
124,195,152,105,214,129,180,137,135,
110,181,138,91,200,115,166,123,121,
109,180,137,90,199,114,165,122,120,
39,110,97,62,129,44,95,52,14,
42,113,100,65,132,47,98,55,5,
23,94,81,46,113,28,79,36,34,
14,85,72,45,104,19,70,27,33,
53,124,111,87,143,58,109,66,75,
54,125,112,88,144,59,110,67,76,
48,119,106,82,138,53,104,61,70,
20,91,78,54,110,25,76,33,42,
17,88,75,51,107,22,73,30,39,
17,88,75,51,107,22,73,30,39,
41,112,99,75,131,46,85,54,63,
47,118,105,81,137,52,91,60,69,
51,96,103,85,115,56,65,64,73,
35,106,93,69,125,40,82,48,57,
48,86,93,82,105,53,55,61,70,
50,94,101,84,113,55,63,63,72,
79,106,119,113,125,84,75,92,101,
56,112,114,90,131,29,91,37,78,
56,112,114,90,131,29,91,37,78,
56,112,114,90,131,29,91,37,78,
39,104,97,73,103,9,83,11,61,
46,111,104,80,90,16,90,18,68,
35,100,93,69,105,5,79,3,57,
35,100,93,69,105,5,79,5,57,
38,103,96,72,108,8,82,2,60,
61,127,119,95,120,65,106,73,83,
67,133,125,101,126,71,112,79,89,
84,93,135,118,64,88,105,96,106,
70,136,128,104,118,74,115,82,92,
70,136,128,104,134,74,115,82,92,
33,104,91,67,123,38,84,46,55,
33,104,91,67,123,38,84,46,55,
89,93,125,120,112,94,62,102,111,
64,74,103,98,93,69,43,77,86,
88,76,123,121,95,81,18,89,110,
85,73,120,118,92,78,15,86,107,
87,75,122,120,94,80,16,88,109,
83,71,118,116,90,76,2,84,105,
164,198,176,105,217,169,187,177,175,
165,199,177,106,218,170,188,178,176,
154,197,166,95,216,159,186,167,165,
148,184,160,89,203,153,173,161,159,
146,182,158,87,201,151,171,159,157,
146,192,175,104,211,168,195,176,174,
152,175,175,104,194,158,164,166,174,
150,194,165,94,213,158,183,166,164,
135,158,175,115,177,141,147,149,158,
137,160,177,109,179,143,149,151,160,
137,160,177,111,179,143,149,151,160,
146,169,186,181,188,152,158,160,169,
146,169,186,181,188,152,158,160,169,
113,59,156,159,16,116,98,118,147,
111,57,154,157,14,114,96,116,145,
111,57,154,157,14,114,96,116,145,
110,56,153,156,13,113,95,115,144,
76,91,134,110,62,46,120,48,98,
69,96,127,103,67,39,113,41,91,
79,90,137,113,61,49,123,51,101,
79,90,137,113,61,49,123,51,101,
137,199,149,78,218,142,188,150,148,
139,201,151,80,220,144,190,152,150,
139,201,151,80,220,144,190,152,150,
138,200,150,79,219,143,189,151,149,
138,200,150,79,219,143,189,151,149,
141,189,153,82,208,146,178,154,152,
141,187,153,82,206,146,176,154,152,
166,237,178,107,256,171,221,179,177,
166,237,178,107,256,171,221,179,177,
133,202,135,82,221,138,189,146,144,
133,202,135,82,221,138,189,146,144,
136,205,138,85,224,141,192,149,147,
135,204,137,84,223,140,191,148,146,
126,195,122,91,214,131,182,139,137,
149,218,144,96,237,154,205,162,160,
182,251,177,128,270,187,238,195,193,
172,241,167,119,260,177,228,185,183,
169,238,164,116,257,174,225,182,180,
159,228,161,108,247,164,215,172,170,
145,214,140,92,233,150,201,158,156,
157,226,152,104,245,162,213,170,168,
152,221,147,99,240,157,208,165,163,
146,215,141,93,234,151,202,159,157,
141,210,136,88,229,146,197,154,152,
128,199,140,69,218,133,183,141,139,
128,199,140,69,218,133,183,141,139,
133,204,145,74,223,138,188,146,144,
144,190,169,98,209,162,189,170,168,
154,200,183,112,219,176,203,184,182,
143,189,172,101,208,165,192,173,171,
144,190,173,102,209,166,193,174,172,
137,183,183,135,202,164,190,172,181,
147,193,193,153,212,174,200,182,191,
141,187,187,144,206,168,194,176,185,
153,199,199,150,218,180,206,188,197,
143,189,189,134,208,170,196,178,187,
155,201,201,148,220,182,208,190,199,
143,189,189,155,208,170,196,178,187,
112,173,92,67,192,117,156,125,123,
120,189,116,87,208,125,176,133,131,
108,177,104,75,196,113,164,121,119,
105,174,101,72,193,110,161,118,116,
124,193,119,91,212,129,180,137,135,
94,165,122,75,184,99,150,107,105,
120,191,148,101,210,125,176,133,131,
123,194,151,104,213,128,179,136,134,
130,201,158,111,220,135,186,143,141,
112,183,140,93,202,117,168,125,123,
113,184,141,94,203,118,169,126,124,
42,113,100,65,132,47,98,55,17,
45,116,103,68,135,50,101,58,2,
43,114,101,66,133,48,99,56,6,
31,102,89,54,121,36,87,44,42,
25,96,83,48,115,30,81,38,36,
13,84,71,46,103,18,69,26,34,
54,125,112,88,144,59,110,67,76,
49,120,107,83,139,54,105,62,71,
18,89,76,52,108,23,74,31,40,
18,89,76,52,108,23,74,31,40,
53,124,111,87,143,58,97,66,75,
48,119,106,82,138,53,92,61,70,
89,116,129,123,135,94,85,102,111,
59,115,117,93,134,32,94,40,81,
40,105,98,74,104,10,84,12,62,
42,107,100,76,106,12,86,14,64,
40,105,98,74,104,10,84,12,62,
47,112,105,81,91,17,91,19,69,
49,114,107,83,87,19,93,21,71,
37,102,95,71,107,7,81,1,59,
36,101,94,70,106,6,80,4,58,
39,104,97,73,109,9,83,1,61,
66,132,124,100,125,70,111,78,88,
68,134,126,102,127,72,113,80,90,
73,139,131,107,132,77,118,85,95,
87,96,138,121,67,91,108,93,109,
80,146,138,114,128,84,125,92,102,
34,105,92,68,124,39,85,47,56,
90,94,126,121,113,95,63,103,112,
90,78,125,123,97,83,20,91,112,
97,85,132,130,104,90,27,98,119,
89,77,124,122,96,82,19,90,111,
88,76,123,121,95,81,18,89,110,
89,77,124,122,96,82,18,90,111,
84,72,119,117,91,77,3,85,106,
165,199,177,106,218,170,188,178,176,
168,202,180,109,221,173,191,181,179,
153,198,165,94,217,158,187,166,164,
147,183,159,88,202,152,172,160,158,
147,181,159,88,200,152,170,160,158,
145,183,157,86,202,150,172,158,156,
145,191,174,103,210,167,194,175,173,
147,170,180,109,189,153,159,161,170,
148,171,179,108,190,154,160,162,171,
153,176,176,105,195,159,165,167,175,
149,195,164,93,214,157,184,165,163,
137,160,177,117,179,143,149,151,160,
138,161,178,108,180,144,150,152,161,
138,161,178,112,180,144,150,152,161,
148,171,188,183,190,154,160,162,171,
147,170,187,182,189,153,159,161,170,
148,171,188,183,190,154,160,162,171,
147,170,187,182,189,153,159,161,170,
114,60,157,160,17,117,99,119,148,
112,58,155,158,15,115,97,117,146,
113,59,156,159,16,116,98,118,147,
112,58,155,158,15,115,97,117,146,
112,58,155,158,15,115,97,117,146,
111,57,154,157,14,114,96,116,145,
111,57,154,157,14,114,96,116,145,
93,108,151,127,79,63,136,65,115,
70,97,128,104,68,40,114,42,92,
67,98,125,101,69,37,111,39,89,
81,92,139,115,63,51,125,53,103,
80,91,138,114,62,50,124,52,102,
140,202,152,81,221,145,191,153,151,
140,202,152,81,221,145,191,153,151,
141,203,153,82,222,146,192,154,152,
141,203,153,82,222,146,192,154,152,
153,199,165,94,218,158,188,166,164,
142,188,154,83,207,147,177,155,153,
143,185,155,84,204,148,174,156,154,
167,238,179,108,257,172,222,180,178,
167,238,179,108,257,172,222,180,178,
134,203,136,83,222,139,190,147,145,
134,203,136,83,222,139,190,147,145,
137,206,139,86,225,142,193,150,148,
139,208,141,88,227,144,195,152,150,
131,200,127,96,219,136,187,144,142,
148,217,143,95,236,153,204,161,159,
178,248,174,119,267,183,233,191,189,
204,273,199,151,292,209,260,217,215,
173,242,168,120,261,178,229,186,184,
160,229,162,109,248,165,216,173,171,
158,227,153,105,246,163,214,171,169,
160,229,155,107,248,165,216,173,171,
142,211,137,89,230,147,198,155,153,
129,200,141,70,219,134,184,142,140,
130,201,142,71,220,135,185,143,141,
137,208,149,78,227,142,192,150,148,
145,191,168,97,210,161,188,169,167,
155,201,184,113,220,177,204,185,183,
158,204,187,116,223,180,207,188,186,
145,191,174,103,210,167,194,175,173,
142,188,188,140,207,169,195,177,186,
139,185,185,137,204,166,192,174,183,
150,196,196,156,215,177,203,185,194,
154,200,200,151,219,181,207,189,198,
154,200,200,151,219,181,207,189,198,
146,192,192,137,211,173,199,181,190,
156,202,192,121,221,183,203,191,191,
159,205,205,152,224,186,212,194,203,
144,190,190,156,209,171,197,179,188,
116,177,96,71,196,121,160,129,127,
141,210,137,108,229,146,197,154,152,
122,191,115,89,210,127,178,135,133,
109,178,105,76,197,114,165,122,120,
106,175,102,73,194,111,162,119,117,
125,194,120,92,213,130,181,138,136,
96,167,124,77,186,101,152,109,107,
122,193,150,103,212,127,178,135,133,
125,196,153,106,215,130,181,138,136,
134,205,162,115,224,139,190,147,145,
113,184,141,94,203,118,169,126,124,
128,199,156,109,218,133,184,141,139,
46,117,104,69,136,51,102,59,21,
46,117,104,69,136,51,102,59,3,
47,118,105,70,137,52,103,60,4,
49,120,107,72,139,54,105,62,12,
44,115,102,67,134,49,100,57,7,
32,103,90,55,122,37,88,45,43,
29,100,87,52,119,34,85,42,40,
14,85,72,47,104,19,70,27,35,
14,85,72,47,104,19,70,27,35,
14,85,72,47,104,19,70,27,35,
55,126,113,89,145,60,111,68,77,
53,124,111,87,143,58,109,66,75,
20,91,78,54,110,25,76,33,42,
50,121,108,84,140,55,94,63,72,
50,121,108,84,140,55,94,63,72,
49,120,107,83,139,54,93,62,71,
92,119,132,126,138,97,88,105,114,
90,117,130,124,136,95,86,103,112,
41,106,99,75,105,11,85,11,63,
42,107,100,76,106,12,86,10,64,
50,115,108,84,88,20,94,22,72,
48,113,106,82,92,18,92,20,70,
50,115,108,84,86,20,94,22,72,
37,102,95,71,107,7,81,4,59,
42,107,100,76,112,12,86,4,64,
39,104,97,73,109,9,83,2,61,
67,133,125,101,126,71,112,79,89,
72,138,130,106,131,76,117,84,94,
88,97,139,122,68,90,109,92,110,
82,148,140,116,130,86,127,94,104,
81,147,139,115,129,85,126,93,103,
35,106,93,69,125,40,86,48,57,
35,106,93,69,125,40,86,48,57,
93,81,128,126,100,86,23,94,115,
98,86,133,131,105,91,28,99,120,
98,86,133,131,105,91,28,99,120,
90,78,125,123,97,83,19,91,112,
85,73,120,118,92,78,4,86,107,
85,73,120,118,92,78,4,86,107,
161,206,173,102,225,166,195,174,172,
170,209,187,116,228,180,198,188,186,
162,208,186,115,227,179,197,187,185,
151,197,163,92,216,156,186,164,162,
150,184,162,91,203,155,173,163,161,
143,166,174,103,185,149,155,157,166,
142,165,175,104,184,148,154,156,165,
154,177,177,106,196,160,166,168,176,
145,191,157,86,210,150,180,158,156,
150,196,165,94,215,158,185,166,164,
139,162,179,118,181,145,151,153,162,
138,161,178,118,180,144,150,152,161,
139,162,178,107,181,145,151,153,162,
139,162,179,113,181,145,151,153,162,
149,172,189,184,191,155,161,163,172,
149,172,189,184,191,155,161,163,172,
148,171,188,183,190,154,160,162,171,
149,172,189,184,191,155,161,163,172,
116,62,159,162,19,119,101,121,150,
115,61,158,161,18,118,100,120,149,
114,60,157,160,17,117,99,119,148,
113,59,156,159,16,116,98,118,147,
114,60,157,160,17,117,99,119,148,
114,60,157,160,17,117,99,119,148,
94,109,152,128,80,64,135,66,116,
72,99,130,106,70,42,116,44,94,
71,98,129,105,69,41,115,43,93,
66,99,124,100,70,36,110,38,88,
82,93,140,116,64,52,126,54,104,
83,94,141,117,65,53,127,55,105,
81,92,139,115,63,51,125,53,103,
141,203,153,82,222,146,192,154,152,
141,203,153,82,222,146,192,154,152,
142,204,154,83,223,147,193,155,153,
142,204,154,83,223,147,193,155,153,
142,204,154,83,223,147,193,155,153,
155,201,167,96,220,160,190,168,166,
154,200,166,95,219,159,189,167,165,
143,189,155,84,208,148,178,156,154,
136,205,138,85,224,141,192,149,147,
141,210,143,83,229,146,197,154,152,
141,210,143,90,229,146,197,154,152,
132,201,128,97,220,137,188,145,143,
151,220,146,98,239,156,207,164,162,
175,246,177,116,265,180,230,188,186,
205,274,200,152,293,210,261,218,216,
205,274,200,152,293,210,261,218,216,
175,244,170,122,263,180,231,188,186,
174,243,169,121,262,179,230,187,185,
172,243,178,113,262,177,227,185,183,
161,230,156,108,249,166,217,174,172,
162,231,157,109,250,167,218,175,173,
161,230,156,108,249,166,217,174,172,
145,214,140,92,233,150,201,158,156,
132,203,144,73,222,137,187,145,143,
138,209,150,79,228,143,193,151,149,
139,210,151,80,229,144,194,152,150,
144,215,156,85,234,149,199,157,155,
157,203,186,115,222,179,206,187,185,
157,203,186,115,222,179,206,187,185,
162,208,191,120,227,184,211,192,190,
146,192,175,104,211,168,195,176,174,
143,189,189,141,208,170,196,178,187,
140,186,186,138,205,167,193,175,184,
153,199,199,159,218,180,206,188,197,
156,202,202,153,221,183,209,191,200,
155,201,201,152,220,182,208,190,199,
157,203,203,148,222,184,210,192,201,
153,199,199,133,218,180,206,188,197,
158,204,190,119,223,183,201,191,189,
158,204,194,123,223,185,205,193,193,
160,206,206,153,225,187,213,195,204,
160,206,206,153,225,187,213,195,204,
145,191,191,157,210,172,198,180,189,
145,191,191,157,210,172,198,180,189,
120,181,100,75,200,125,164,133,131,
142,211,138,109,230,147,198,155,153,
129,198,122,96,217,134,185,142,140,
110,179,106,77,198,115,166,123,121,
135,204,130,102,223,140,191,148,146,
97,168,125,78,187,102,153,110,108,
97,168,125,78,187,102,153,110,108,
142,213,170,123,232,147,198,155,153,
124,195,152,105,214,129,180,137,135,
126,197,154,107,216,131,182,139,137,
128,199,156,109,218,133,184,141,139,
136,207,164,117,226,141,192,149,147,
135,206,163,116,225,140,191,148,146,
114,185,142,95,204,119,170,127,125,
47,118,105,70,137,52,103,60,22,
50,121,108,73,140,55,106,63,7,
51,122,109,74,141,56,107,64,4,
49,120,107,72,139,54,105,62,2,
45,116,103,68,135,50,101,58,8,
36,107,94,59,126,41,92,49,47,
30,101,88,53,120,35,86,43,41,
38,109,96,61,128,43,94,51,49,
17,88,75,50,107,22,73,30,38,
18,89,76,51,108,23,74,31,39,
15,86,73,48,105,20,71,28,36,
22,93,80,56,112,27,78,35,44,
51,122,109,85,141,56,95,64,73,
51,122,109,85,141,56,95,64,73,
51,122,109,85,141,56,95,64,73,
51,122,109,85,141,56,95,64,73,
56,127,114,90,146,61,100,69,78,
91,118,131,125,137,96,87,104,113,
42,107,100,76,106,12,86,10,64,
42,107,100,76,107,12,86,9,64,
51,116,109,85,89,21,95,23,73,
50,115,108,84,92,20,94,22,72,
65,100,123,99,71,35,109,37,87,
38,103,96,72,108,8,82,5,60,
43,108,101,77,113,13,87,5,65,
44,109,102,78,114,14,88,6,66,
40,105,98,74,110,10,84,3,62,
73,139,131,107,132,77,118,85,95,
94,103,145,128,74,84,115,86,116,
87,153,145,121,135,91,132,99,109,
83,149,141,117,131,87,128,95,105,
82,148,140,116,130,86,127,94,104,
94,82,129,127,101,87,24,95,116,
99,87,134,132,106,92,29,100,121,
86,74,121,119,93,79,5,87,108,
86,74,121,119,93,79,5,87,108,
86,74,121,119,93,79,5,87,108,
87,75,122,120,94,80,6,88,109,
159,205,171,100,224,164,194,172,170,
157,203,200,129,222,184,210,192,199,
171,217,195,124,236,188,206,196,194,
178,224,202,131,243,195,213,203,201,
160,206,188,117,225,181,199,189,187,
150,196,162,91,215,155,185,163,161,
152,186,164,93,205,157,175,165,163,
151,185,163,92,204,156,174,164,162,
144,190,156,85,209,149,179,157,155,
151,197,166,95,216,159,186,167,165,
140,163,180,117,182,146,152,154,163,
140,163,180,120,182,146,152,154,163,
145,168,181,110,187,151,157,159,168,
140,163,180,114,182,146,152,154,163,
146,169,186,120,188,152,158,160,169,
150,173,190,185,192,156,162,164,173,
150,173,190,185,192,156,162,164,173,
150,173,190,185,192,156,162,164,173,
153,176,193,188,195,159,165,167,176,
151,174,191,186,193,157,163,165,174,
119,65,162,165,22,122,104,124,153,
123,69,166,169,26,126,108,128,157,
115,61,158,161,18,118,100,120,149,
114,60,157,160,17,117,99,119,148,
115,61,158,161,18,118,100,120,149,
115,61,158,161,18,118,100,120,149,
115,61,158,161,18,118,100,120,149,
95,110,153,129,81,65,134,67,117,
74,101,132,108,72,44,118,46,96,
72,99,130,106,70,42,116,44,94,
67,100,125,101,71,37,111,39,89,
96,107,154,130,78,66,140,68,118,
82,93,140,116,64,52,126,54,104,
142,204,154,83,223,147,193,155,153,
143,205,155,84,224,148,194,156,154,
143,205,155,84,224,148,194,156,154,
143,205,155,84,224,148,194,156,154,
144,206,156,85,225,149,195,157,155,
144,206,156,85,225,149,195,157,155,
158,204,170,99,223,163,193,171,169,
155,201,167,96,220,160,190,168,166,
159,205,171,100,224,164,194,172,170,
144,190,156,85,209,149,179,157,155,
142,211,144,91,230,147,198,155,153,
133,204,145,74,223,138,188,146,144,
146,215,148,88,234,151,202,159,157,
142,211,144,91,230,147,198,155,153,
139,208,135,104,227,144,195,152,150,
176,247,178,117,266,181,231,189,187,
226,297,228,167,316,231,281,239,237,
176,247,178,117,266,181,231,189,187,
180,251,182,121,270,185,235,193,191,
206,275,201,153,294,211,262,219,217,
207,276,202,154,295,212,263,220,218,
176,245,171,123,264,181,232,189,187,
175,244,170,122,263,180,231,188,186,
165,236,177,106,255,170,220,178,176,
162,231,157,109,250,167,218,175,173,
164,233,159,111,252,169,220,177,175,
164,233,159,111,252,169,220,177,175,
163,232,158,110,251,168,219,176,174,
146,215,141,93,234,151,202,159,157,
147,216,142,94,235,152,203,160,158,
133,204,145,74,223,138,188,146,144,
140,211,152,81,230,145,195,153,151,
140,211,152,81,230,145,195,153,151,
147,218,153,88,237,152,202,160,158,
146,217,158,87,236,151,201,159,157,
145,216,157,86,235,150,200,158,156,
158,204,187,116,223,180,207,188,186,
158,204,187,116,223,180,207,188,186,
165,211,194,123,230,187,214,195,193,
147,193,176,105,212,169,196,177,175,
144,190,190,142,209,171,197,179,188,
146,192,192,144,211,173,199,181,190,
154,200,200,160,219,181,207,189,198,
157,203,203,154,222,184,210,192,201,
156,202,202,153,221,183,209,191,200,
158,204,204,149,223,185,211,193,202,
158,204,204,149,223,185,211,193,202,
163,209,195,124,228,188,206,196,194,
159,205,191,120,224,184,202,192,190,
159,205,195,124,224,186,206,194,194,
159,205,195,124,224,186,206,194,194,
164,210,210,157,229,191,217,199,208,
169,215,215,162,234,196,222,204,213,
161,207,207,154,226,188,214,196,205,
146,192,192,158,211,173,199,181,190,
146,192,192,158,211,173,199,181,190,
152,221,148,119,240,157,208,165,163,
130,199,123,97,218,135,186,143,141,
111,180,107,78,199,116,167,124,122,
136,205,131,103,224,141,192,149,147,
98,169,126,79,188,103,154,111,109,
144,215,172,125,234,149,200,157,155,
130,201,158,111,220,135,186,143,141,
127,198,155,108,217,132,183,140,138,
131,202,159,112,221,136,187,144,142,
130,201,158,111,220,135,186,143,141,
139,210,167,120,229,144,195,152,150,
137,208,165,118,227,142,193,150,148,
136,207,164,117,226,141,192,149,147,
136,207,164,117,226,141,192,149,147,
115,186,143,96,205,120,171,128,126,
48,119,106,71,138,53,104,61,23,
53,124,111,76,143,58,109,66,10,
56,127,114,79,146,61,112,69,13,
50,121,108,73,140,55,106,63,3,
46,117,104,69,136,51,102,59,9,
43,114,101,66,133,48,99,56,54,
35,106,93,58,125,40,91,48,46,
39,110,97,62,129,44,95,52,50,
24,95,82,57,114,29,80,37,45,
19,90,77,52,109,24,75,32,40,
20,91,78,53,110,25,76,33,41,
16,87,74,49,106,21,72,29,37,
53,124,111,87,143,58,97,66,75,
53,124,111,87,143,58,97,66,75,
52,123,110,86,142,57,96,65,74,
56,127,114,90,146,61,100,69,78,
52,123,110,86,142,57,96,65,74,
52,123,110,86,142,57,96,65,74,
57,128,115,91,147,62,101,70,79,
57,128,115,91,147,62,101,70,79,
92,119,132,126,138,97,88,105,114,
43,108,101,77,107,13,87,11,65,
51,116,109,85,91,21,95,23,73,
52,117,110,86,90,22,96,24,74,
52,117,110,86,94,22,96,24,74,
51,116,109,85,93,21,95,23,73,
44,109,102,78,114,14,88,6,66,
44,109,102,78,114,14,88,6,66,
45,110,103,79,115,15,89,7,67,
48,113,106,82,118,18,92,11,70,
41,106,99,75,111,11,85,4,63,
74,140,132,108,133,78,119,86,96,
90,156,148,124,138,94,135,102,112,
84,150,142,118,132,88,129,96,106,
89,155,147,123,137,93,134,101,111,
109,97,144,142,116,102,39,110,131,
98,86,133,131,105,91,28,99,120,
88,76,123,121,95,81,7,89,110,
87,75,122,120,94,80,6,88,109,
90,78,125,123,97,83,9,91,112,
88,76,123,121,95,81,7,89,110,
160,206,172,101,225,165,195,173,171,
172,218,196,125,237,189,207,197,195,
172,218,196,125,237,189,207,197,195,
182,228,206,135,247,199,217,207,205,
179,225,203,132,244,196,214,204,202,
148,194,160,89,213,153,183,161,159,
146,169,180,109,188,152,158,160,169,
147,193,159,88,212,152,182,160,158,
170,216,185,114,235,178,205,186,184,
152,198,167,96,217,160,187,168,166,
141,164,181,116,183,147,153,155,164,
141,164,181,115,183,147,153,155,164,
142,165,182,116,184,148,154,156,165,
147,170,187,121,189,153,159,161,170,
148,171,188,122,190,154,160,162,171,
151,174,191,186,193,157,163,165,174,
151,174,191,186,193,157,163,165,174,
151,174,191,186,193,157,163,165,174,
152,175,192,187,194,158,164,166,175,
153,176,193,188,195,159,165,167,176,
120,66,163,166,23,123,105,125,154,
132,78,175,178,35,135,117,137,166,
126,72,169,172,29,129,111,131,160,
116,62,159,162,19,119,101,121,150,
115,61,158,161,18,118,100,120,149,
116,62,159,162,19,119,101,121,150,
116,62,159,162,19,119,101,121,150,
75,102,133,109,73,45,119,47,97,
73,100,131,107,71,43,117,45,95,
69,102,127,103,73,39,113,41,91,
68,101,126,102,72,38,112,40,90,
97,108,155,131,79,67,141,69,119,
143,205,155,84,224,148,194,156,154,
144,206,156,85,225,149,195,157,155,
144,206,156,85,225,149,195,157,155,
144,206,156,85,225,149,195,157,155,
144,206,156,85,225,149,195,157,155,
145,207,157,86,226,150,196,158,156,
159,205,171,100,224,164,194,172,170,
163,209,175,104,228,168,198,176,174,
156,202,168,97,221,161,191,169,167,
160,206,172,101,225,165,195,173,171,
162,208,174,103,227,167,197,175,173,
149,195,161,90,214,154,184,162,160,
134,205,146,75,224,139,189,147,145,
147,216,149,89,235,152,203,160,158,
145,214,147,94,233,150,201,158,156,
140,209,136,105,228,145,196,153,151,
177,248,179,118,267,182,232,190,188,
227,298,229,168,317,232,282,240,238,
177,248,179,118,267,182,232,190,188,
181,252,183,122,271,186,236,194,192,
183,254,185,124,273,188,238,196,194,
207,276,202,154,295,212,263,220,218,
208,277,203,155,296,213,264,221,219,
177,246,172,124,265,182,233,190,188,
176,245,171,123,264,181,232,189,187,
167,238,179,108,257,172,222,180,178,
163,232,158,110,251,168,219,176,174,
163,232,158,110,251,168,219,176,174,
167,236,162,114,255,172,223,180,178,
175,244,170,122,263,180,231,188,186,
166,235,161,113,254,171,222,179,177,
166,235,161,113,254,171,222,179,177,
164,233,159,111,252,169,220,177,175,
164,233,159,111,252,169,220,177,175,
152,221,147,99,240,157,208,165,163,
148,217,143,95,236,153,204,161,159,
149,218,144,96,237,154,205,162,160,
141,212,153,82,231,146,196,154,152,
144,215,156,85,234,149,199,157,155,
148,217,150,90,236,153,204,161,159,
147,218,159,88,237,152,202,160,158,
147,218,159,88,237,152,202,160,158,
150,221,162,91,240,155,205,163,161,
165,211,194,123,230,187,214,195,193,
166,212,195,124,231,188,215,196,194,
169,215,198,127,234,191,218,199,197,
12,83,70,47,102,18,69,26,35,
52,93,84,87,112,58,82,66,75,
158,181,198,193,200,164,170,172,181,
80,87,129,114,58,84,99,92,102,
156,202,202,149,221,183,209,191,200,
