838393152
2001957712
3648453069
2001957754
2001957709
3648453064
838393216
2001957752
2127664389
3648453067
838393150
2001957742
458631522
2001957705
427851205
3648453032
838393203
3648453039
249237069
2001957750
249237060
2508000040
427851241
427851197
838393217
838393169
2001957737
1645501116
2111354728
2507991831
427851234
427851255
458631458
838495956
913282135
838393238
913486712
1645501046
1645501075
2939969321
2507994522
427851224
427851261
913282602
838393122
458640736
838393192
838393207
913486202
1645501153
2939969347
2945827921
838393153
838393190
913282544
560827592
913282614
458640724
913282278
913282491
1863525326
838393173
838393181
938622555
2939969357
2945828442
1873281043
913325818
913486795
1863302955
913282495
913282264
560825530
568360027
561316958
943749271
913282392
913282361
4061305246
913282584
913282597
838393168
838393159
913282330
1863302958
913486092
2958594851
2511131235
915432324
1863302789
1863303009
1863302863
913282443
1863525240
1863525196
560825126
560826996
938524360
568360030
568360048
308723085
943749369
616563786
913325848
4231714014
938522980
913233571
616563732
913282153
913282246
913282275
250075222
838495861
616563764
915432814
1863302942
2958594858
2958594848
2511131257
1873281089
915436677
915436805
1863230993
1863303034
1863302856
1863521664
1395834916
913282279
1863525208
2957089977
560825120
560825127
560825787
560827166
938522358
2704184446
568360049
291542967
458640685
291542978
3268564867
616563794
616563787
938524544
913233869
913325716
913282343
838495958
1863521625
838495952
458640757
1825245998
1645501109
1863302939
2694863479
2511131261
2511131272
2961579581
915433489
2940370438
1825245999
1863230760
1863303063
913081225
1395834915
1395834913
913282500
1863525278
2957089996
2657888917
560829685
938524471
560825793
560827168
560827590
938524685
938524424
938524666
560825111
838801756
838801759
938524070
1863231231
1753807146
939086432
458640696
3698558623
4231714007
938524117
938522440
569682682
4061305247
3648521278
913325846
616563742
943749140
913282427
838495999
1825245996
616563740
1863302961
2694863464
2694863487
2511131238
915433175
915436029
915436729
915436727
1645501060
1873281052
1873280927
1825245997
944888909
1863303171
913282459
1863302785
1863521392
1863302438
913282332
913282589
2957089976
2657888925
2723849268
560830602
962967560
913325755
560829404
938524409
1869899526
938522863
2592537221
566394569
938524722
938523863
938524695
458631477
939086471
938409455
938522588
938409433
938409716
1863231286
458640708
938524403
569682660
943749040
3268565119
3648521280
913325557
913282340
838495964
915433493
616563739
1863303084
2958094334
2694863446
2511131260
915432291
915432393
915436833
1645501066
1873281080
915432318
944888867
1863303238
913282568
1863231552
1863302440
1395838330
913282292
1863525091
2957089969
2657888927
560829726
566394999
962967520
616563691
943749079
569682586
560829527
938522394
938524579
1869899525
938524715
566394246
938524010
1763864248
938523907
458631470
838495877
1800542361
939086478
939086453
938409613
938523151
938522381
291542746
938409583
1863231288
938523066
566394243
938522606
2722903119
569682650
913282411
943749090
913325871
913325620
913282305
3268615170
913325618
915436745
915436793
1863303153
1863303157
915435503
915433526
915433955
1873280945
915472399
906856457
944888923
1863303325
1863230991
1863231553
1395838316
1863302436
913282112
1863521409
560829715
938524557
561316947
962967539
962967595
913325770
913325772
568360020
1809842443
1809842454
938523871
938524156
938523944
2327497319
566394190
938522881
938523160
938409610
1763864242
1763864297
1863231275
1395838315
938524457
1863520268
1395838343
910451486
939086576
939091032
939086541
939086567
1668996806
938409413
938409588
938409674
291542741
1863231289
938522589
2722903090
2722903102
938524572
1863231193
943749038
943749333
3268615167
938524079
913325567
915436031
915474016
915432733
1863303166
1863303216
915432896
915436734
915432604
1873280867
915474420
3067838002
944889345
944889277
944888945
1863525703
1863230759
1863231386
3615428561
458631457
1809842485
2702568907
962967606
913325867
2702748552
2702748544
1809842411
938524449
938522454
2327497317
938524647
938524420
938409480
458640632
3268615172
838495904
938522898
1863520262
1395838339
910451028
939091191
308723214
939086427
939091136
939086464
939086519
458640629
291542986
1863231312
1863231301
4231341761
938522884
938524489
3268615168
943749238
1863231208
838495903
913325596
915434106
915433445
915472523
914642023
561316977
943748954
915434225
1863303168
1863303246
1863303042
1863303299
915433309
915432818
915436689
915433625
1873280866
1863520282
838495996
1863230879
944889369
905062962
1863525871
906856589
1863231134
3615428557
3615428578
838495864
838495881
1809842330
2702568911
2702568913
913325701
943749315
938524561
1870092008
938524492
938524112
938524133
308723081
883993834
1669002267
458640633
938523977
838495962
838495971
910451127
910451348
910549492
458640628
838495935
939091050
939086556
938622410
939086540
1668996795
291542749
1863231349
1863231313
938524085
938523162
4090314577
1863231274
1863231263
913325649
915433518
915432361
915436769
914641739
915474007
915472330
914643088
450633776
943749412
943640690
1863303047
1863303320
1863303262
1863303142
4229441356
1863303176
1863525509
2622332859
915434354
915433915
915433592
1873281087
1863520284
838801766
838801777
1863230908
1863230857
1870091975
944889058
905063012
2211543269
1863525951
906856657
3615428579
838633289
838495928
838495938
1809842336
1809842316
616563694
938522495
938522777
1870092006
938522951
308722765
883993832
1763009595
458640636
458640640
1753807137
838633411
910450616
1309626316
910451334
458640643
838495921
939086544
308719791
939086438
939086479
1668996793
1668996788
938372583
560828945
938372476
1863231387
938524648
1863231276
914642883
915433622
914637036
915474022
915433294
914643317
450633464
943749467
943640520
1863303149
1863302924
1863303306
1863303283
1863302922
4229441355
1863525663
2622332858
915432283
915436742
915432903
2431986395
838801792
838801679
1870091978
1863230916
1863230931
1863230889
1863230890
1863230819
1870091979
944889399
2211543268
944889241
2211543267
2823075817
1863525958
1863230700
3738902426
4229634052
838495888
838633164
838801708
838801733
250075250
1809842478
2657888887
938524565
3171969277
938524705
1849573429
458640700
1763009606
458640638
458640644
1753807148
1753807124
838633203
838835388
910450687
1309626321
267074554
395135106
1668978742
2969951377
939086497
308719788
291542750
566395296
913325582
938372513
1863231278
914637342
914642016
915473933
2825982086
914643887
432874009
943749104
943640724
1863303285
1863302917
1863525765
1863303372
1863302909
4229441354
1863525806
918296443
915432363
1411101708
915432325
1645501137
838801816
838801764
1870091981
1863520326
1863230972
944889007
906856452
2211543266
906856438
2211543258
2823075783
1863525962
1413863725
4229634053
3615428591
838801663
838801778
938622286
838835420
1524403132
1809842360
561316937
938524023
938523225
938522848
1869716945
267247456
267250973
1669002253
1669002247
458640642
938409451
1753807163
1753807100
1753807127
838633449
838633406
838835341
267074522
267197976
1309626331
267074553
458640658
1668978741
2969951369
1665802597
939086578
938622665
939086466
450636716
566395298
943640734
1863231246
1863231283
2126302773
914644685
915472695
2825982087
2825982045
914641536
914637449
432874023
450632353
561316976
1376300244
943684508
2505035602
1863525759
3004653927
904024670
4229441353
1863525882
918296427
918296602
1411101753
1411101724
916416185
1645501047
838801770
838801709
1863520338
1863230830
1863520324
3735852209
838801773
905063232
2127433987
905063392
855724055
1863525995
3738902434
4229634057
1524403125
838835359
838835385
1524403084
1809842341
938522496
938523946
938522395
939091095
267247457
267251591
267251583
1669002240
395135138
1753807193
838633634
2969951378
838633185
838835319
838835311
267197975
267197986
910450838
267074560
458640653
1665802584
939086455
249791141
450637597
1802518250
943640793
1863231144
1863231197
1863231291
914637260
915474408
915474521
1825246057
2825982044
914642478
914643404
914641930
914642832
914636606
450632577
450638389
450635536
943684505
943684553
2504978812
2504970896
1863525485
3738891010
904024499
4229893881
1863525933
918296579
918296608
918296546
1411101749
1411101737
1411101709
916415086
915432855
1863520391
1863520319
3735861932
2432378734
838801692
905063030
905063052
905285018
905063553
3908908655
838835406
905063032
838835403
1809842370
938522515
938524645
938524739
939091128
267247458
267251592
267251584
267251576
1753807161
838495943
2969951375
838835402
838835389
267197967
267197983
267074565
939351675
1805872683
1524403130
450637037
291542988
943641062
1863231112
915472252
2967562700
1825246021
2825982031
914644201
914642896
914644862
914637510
914641630
450631313
450638758
974362888
1870091999
2645722771
943684568
943684513
943641257
2504978800
4229557842
3738891009
904024800
4229441351
1863525961
918296523
918296460
918296838
918296615
918296468
1411101750
916415368
915435205
1863520442
1863520497
1863520280
1863520278
3735861926
838801827
905063118
905063211
905062945
905283925
905281870
2212031059
1863526013
905063348
308720476
1870092001
938523932
938524147
1762944954
267250972
267251595
267251588
267251575
267251587
1753807082
838633475
2969951374
838835386
838835320
838835431
267197973
267197985
267197959
910451034
939351628
1803838672
1803838867
1740172271
249791143
1376276589
1349092014
432874004
915473578
943641155
1825246020
4233044629
918139451
914531696
914637251
914636975
914643458
914643075
914644214
914641205
3661513066
928492447
450639208
1349092028
1376300357
450636275
943641180
943684511
943640771
943640943
2517407770
2911006658
4229557838
3735754812
904024711
4229441350
1863525966
918296458
918296784
918296674
1411101698
1411101747
916415547
915432473
1863520514
1863520592
1863520153
4211898257
3735861938
3735861419
838801734
905062937
2212031054
905063542
905063367
905282713
905284396
905283084
905063305
2212031053
906772272
1863526009
2823075894
4218702281
838835414
938524448
938522409
938522831
938522954
1762945102
249786899
267251590
267197831
267196320
267250981
838633431
838633347
905063547
838835326
838835363
938622300
267197961
910451258
1803838648
1975594397
938622518
938622301