2,39,116,62,47,37,51,52,78,100,79,88,121,65,114,132,
12,51,107,74,59,49,63,64,90,112,91,100,122,77,126,144,
1,38,115,61,46,36,50,51,77,99,78,87,120,64,113,131,
32,71,113,94,79,69,83,84,110,132,111,120,102,97,146,164,
13,52,106,75,60,50,64,65,91,113,92,101,123,78,127,145,
2,39,116,62,47,37,51,52,78,100,79,88,121,65,114,132,
2,37,114,60,45,35,49,50,76,98,77,86,119,63,112,130,
33,72,112,95,80,70,84,85,111,133,112,121,101,98,147,165,
14,53,105,76,61,51,65,66,92,114,93,102,124,79,128,146,
16,53,130,76,61,51,65,66,92,114,93,102,135,79,128,146,
3,36,113,59,44,34,48,49,75,97,76,85,118,62,111,129,
34,73,111,96,81,71,85,86,112,134,113,122,102,99,148,166,
42,81,121,104,89,79,93,94,120,142,121,130,92,107,156,174,
15,54,106,77,62,52,66,67,93,115,94,103,125,80,129,147,
20,59,99,82,67,57,71,72,98,120,99,108,130,85,134,152,
20,57,134,80,65,55,69,70,96,118,97,106,139,83,132,150,
7,32,109,55,40,30,44,45,71,93,72,81,114,58,107,125,
4,35,114,60,45,35,49,50,76,98,77,86,119,63,112,130,
41,80,118,103,88,78,92,93,119,141,120,129,109,106,155,173,
35,74,110,97,82,72,86,87,113,135,114,123,103,100,149,167,
56,95,135,118,103,93,107,108,134,156,135,144,78,106,155,188,
44,83,123,106,91,81,95,96,122,144,123,132,94,109,158,176,
30,69,89,92,77,67,81,82,108,130,109,118,124,86,135,162,
28,67,107,84,71,65,75,74,106,128,107,114,138,93,142,160,
9,30,107,53,38,28,42,43,69,91,70,79,112,56,105,123,
8,31,118,64,49,39,53,54,80,102,81,90,123,67,116,134,
37,76,108,99,84,74,88,89,115,137,116,125,105,101,150,169,
60,99,139,122,107,97,111,112,138,160,139,148,82,110,159,192,
74,96,153,136,121,111,125,126,152,174,153,162,60,88,137,206,
69,108,148,131,116,106,120,121,147,169,148,157,91,119,168,201,
37,76,96,99,84,74,88,89,115,137,116,125,131,93,142,169,
35,74,84,97,82,72,86,87,113,135,114,123,119,81,130,167,
33,72,112,79,66,65,70,69,109,131,110,109,143,96,145,163,
18,21,116,62,47,37,51,52,78,100,79,88,121,65,114,132,
10,31,106,52,37,27,41,42,68,90,69,78,111,55,104,122,
25,14,123,69,54,44,58,59,85,107,86,95,122,66,115,139,
50,89,95,108,97,87,101,102,128,150,129,137,118,88,137,182,
62,101,141,124,109,99,113,114,140,162,141,150,84,112,161,194,
64,103,143,126,111,101,115,116,142,164,143,152,86,114,163,196,
78,92,157,140,125,112,129,130,156,178,157,166,56,84,133,210,
70,109,149,132,117,107,121,122,148,170,149,158,92,120,169,202,
48,87,107,110,95,85,99,100,126,148,127,136,142,104,153,180,
41,80,78,91,88,78,92,93,119,141,120,120,113,75,124,173,
30,51,98,58,45,44,49,48,88,110,89,88,131,75,124,142,
23,16,121,67,52,42,56,57,83,105,84,93,124,68,117,137,
13,34,109,51,34,24,38,43,65,87,66,75,108,52,101,119,
12,33,104,50,37,29,41,40,70,92,71,80,113,57,106,124,
37,2,135,81,66,56,70,71,97,119,98,107,110,54,103,151,
54,92,91,104,101,91,105,106,132,154,133,133,122,84,133,186,
65,104,144,127,112,102,116,117,143,165,144,153,87,115,164,197,
93,107,172,155,140,127,144,145,171,193,172,181,71,99,148,225,
84,86,163,137,120,106,124,129,151,173,152,161,50,78,127,205,
43,81,80,93,90,80,94,95,121,143,122,122,111,73,122,175,
42,81,77,90,89,79,93,94,120,142,121,119,114,76,125,174,
29,50,97,57,44,43,48,47,87,109,88,87,130,74,123,141,
30,51,112,34,50,41,54,58,81,70,49,70,125,69,118,102,
15,36,111,53,36,24,40,45,67,89,68,77,108,52,101,121,
30,51,100,38,17,41,21,26,48,74,83,58,125,69,118,106,
14,35,110,52,35,23,39,44,66,88,67,76,107,51,100,120,
18,39,98,46,33,35,37,36,76,98,77,76,119,63,112,130,
13,34,105,49,36,30,40,39,71,93,72,79,114,58,107,125,
39,4,137,83,68,58,72,73,99,121,100,109,108,52,101,153,
38,3,136,82,67,57,71,72,98,120,99,108,111,55,104,152,
52,90,89,102,99,89,103,104,130,152,131,131,120,82,131,184,
106,120,185,168,153,140,157,158,184,206,185,194,84,112,161,238,
87,83,166,134,117,103,121,126,148,170,149,158,53,75,124,202,
88,88,167,139,122,108,126,131,153,175,154,163,46,80,129,207,
44,80,81,94,91,81,95,96,122,144,123,123,110,72,121,176,
44,82,81,94,91,81,95,96,122,144,123,123,112,74,123,176,
64,85,52,65,79,78,83,82,122,127,123,94,139,101,150,159,
30,51,98,58,45,44,49,48,88,110,89,88,131,75,124,142,
25,46,93,53,40,39,44,43,83,105,84,83,126,70,119,137,
34,55,115,38,54,45,58,62,85,74,53,73,129,69,120,106,
32,53,114,36,52,43,56,60,83,72,47,72,127,71,120,104,
38,59,104,26,42,49,46,50,73,62,57,62,133,77,126,94,
31,52,113,35,51,42,55,59,82,71,50,71,126,70,119,103,
21,33,117,59,42,30,46,51,73,95,74,83,114,58,107,127,
34,55,96,34,13,45,17,22,44,70,87,54,129,73,122,102,
15,36,111,53,36,22,40,45,67,89,68,77,106,50,99,121,
21,42,95,49,36,35,40,39,79,101,80,79,122,66,115,133,
20,41,100,44,31,37,35,34,74,96,79,74,121,65,114,128,
15,36,107,48,35,32,39,38,73,95,74,78,116,60,109,127,
15,36,107,47,34,32,38,37,73,95,74,77,116,60,109,127,
45,6,143,86,69,57,73,78,100,122,101,110,102,46,95,154,
62,27,160,106,91,81,95,96,122,144,123,132,135,79,128,176,
45,83,82,95,92,82,96,97,123,145,124,124,113,75,124,177,
88,82,165,133,116,102,120,125,147,169,148,157,54,74,123,201,
89,87,168,138,121,107,125,130,152,174,153,162,45,79,128,206,
60,47,114,98,81,67,85,90,112,134,113,122,77,39,88,166,
83,104,33,84,98,97,102,101,141,117,142,75,158,120,169,149,
72,93,60,73,87,86,91,90,130,135,131,102,147,109,158,167,
49,70,67,50,64,63,68,67,107,112,108,86,150,94,143,144,
31,52,99,59,46,45,50,49,89,111,90,89,132,76,125,143,
40,61,108,54,41,54,45,44,84,106,99,84,141,85,134,138,
24,45,92,52,39,38,43,42,82,104,83,82,125,69,118,136,
43,64,115,38,54,54,58,62,85,74,62,73,138,78,129,106,
36,57,113,40,56,47,60,64,87,76,55,71,131,67,118,108,
44,65,126,48,64,55,68,72,95,84,35,84,139,83,132,116,
42,63,124,46,62,53,66,70,93,82,57,82,137,81,130,114,
42,63,108,30,46,53,50,54,77,66,61,66,137,81,130,98,
50,71,92,14,30,61,34,38,61,50,69,50,145,67,138,82,
32,53,114,36,52,43,56,60,83,72,51,72,127,70,120,104,
24,30,120,62,45,33,49,54,76,98,77,86,117,61,110,130,
43,55,139,81,64,52,68,73,95,117,96,105,136,80,129,149,
22,34,118,60,43,31,47,52,74,96,75,84,115,59,108,128,
40,61,90,28,7,51,11,16,38,64,93,48,135,70,128,96,
17,38,113,55,38,20,42,47,69,91,70,79,108,52,101,123,
16,37,112,54,37,23,41,46,68,90,69,78,105,49,98,122,
24,45,98,52,39,32,43,42,82,104,83,82,125,69,118,136,
23,44,93,51,38,37,42,41,81,103,82,81,124,68,117,135,
21,42,101,43,30,38,34,33,73,95,80,73,122,66,115,127,
19,40,111,44,31,36,35,34,74,96,78,74,120,64,113,128,
20,41,112,42,29,37,33,32,72,94,79,72,121,65,114,126,
37,17,133,75,58,46,62,67,89,111,90,99,113,57,106,143,
43,30,131,81,64,50,68,73,95,117,96,105,78,22,71,149,
64,29,162,108,93,83,97,98,124,146,125,134,137,81,130,178,
83,70,153,121,104,90,108,113,135,157,136,145,66,62,111,189,
88,75,158,126,109,95,113,118,140,162,141,150,61,67,116,194,
94,81,164,132,115,101,119,124,146,168,147,156,39,73,122,200,
95,93,174,144,127,113,131,136,158,180,159,168,51,85,134,212,
52,39,122,90,73,59,77,82,104,126,105,114,69,31,80,158,
61,48,115,99,82,68,86,91,113,135,114,123,78,40,89,167,
116,137,2,78,93,130,97,96,126,84,161,42,191,132,202,116,
74,95,62,75,89,88,93,92,132,137,133,104,149,111,160,169,
47,68,69,48,62,61,66,65,105,110,106,84,148,92,141,142,
30,51,113,41,28,47,32,31,71,93,89,71,131,75,124,125,
55,76,123,64,56,69,60,59,99,118,114,84,156,100,149,150,
30,51,98,58,45,32,49,48,88,110,89,88,131,75,124,142,
27,48,89,55,42,41,46,45,85,107,86,85,128,72,121,139,
30,51,98,58,45,44,49,48,88,110,89,88,131,75,124,142,
49,70,109,42,54,60,58,63,85,78,68,67,144,79,130,110,
44,65,115,37,53,55,57,61,84,73,63,73,139,79,130,105,
39,60,116,43,59,50,63,67,90,79,58,74,134,70,121,111,
39,60,110,43,55,47,59,64,86,79,58,68,131,64,115,111,
53,74,135,57,73,64,77,81,104,93,26,93,148,92,141,125,
43,64,125,47,63,54,67,71,94,83,58,83,138,82,131,115,
43,64,109,31,47,54,51,55,78,67,62,67,138,80,131,99,
63,84,79,1,22,74,26,25,65,63,82,37,158,76,151,95,
55,76,87,19,35,66,39,43,66,45,74,45,150,72,143,77,
57,78,85,22,22,68,26,31,53,58,77,43,152,59,136,90,
40,61,116,44,60,45,64,68,91,80,59,74,129,62,113,112,
31,23,127,69,52,40,56,61,83,105,84,93,119,63,112,137,
23,35,119,61,44,32,48,53,75,97,76,85,116,60,109,129,
41,62,89,27,6,52,10,15,37,63,93,47,136,69,129,95,
21,42,114,59,42,16,46,51,73,95,74,83,112,56,105,127,
20,41,116,58,41,27,45,50,72,94,73,82,101,45,94,126,
25,46,99,53,40,31,44,43,83,105,84,83,126,70,119,137,
27,48,107,35,22,44,26,25,65,87,86,65,128,72,121,119,
26,47,109,37,24,43,28,27,67,89,85,67,127,71,120,121,
21,42,113,41,28,38,32,31,71,93,80,71,122,66,115,125,
36,23,132,74,57,45,61,66,88,110,89,98,119,63,112,142,
44,31,132,82,65,51,69,74,96,118,97,105,79,21,70,150,
31,42,127,69,52,38,56,61,83,105,84,93,90,34,83,137,
65,30,163,109,94,84,98,99,125,147,126,135,138,82,131,179,
82,69,152,120,103,89,107,112,134,156,135,144,67,61,110,188,
94,81,164,132,115,101,119,124,146,168,147,156,37,73,122,200,
89,76,159,127,110,96,114,119,141,163,142,151,34,68,117,195,
96,94,175,145,128,114,132,137,159,181,160,169,52,86,135,213,
67,54,137,105,88,74,92,97,119,141,120,129,54,46,95,173,
66,53,136,104,87,73,91,96,118,140,119,128,83,45,94,172,
64,51,118,102,85,71,89,94,116,138,117,126,81,43,92,170,
117,138,1,77,92,131,96,95,125,83,160,41,192,131,203,115,
75,96,63,76,90,89,94,93,133,138,134,105,150,112,161,170,
45,66,71,46,60,59,64,63,103,108,104,82,146,90,139,140,
39,60,122,50,37,56,41,40,80,102,98,80,140,84,133,134,
56,77,124,63,57,70,61,60,100,117,115,83,157,101,150,149,
31,52,99,59,46,31,50,49,89,111,90,89,131,75,124,143,
30,51,86,55,45,44,49,48,88,110,89,88,131,75,124,142,
34,55,102,62,49,48,53,52,92,114,93,92,135,79,128,146,
50,71,110,43,55,61,59,64,86,79,69,68,145,80,131,111,
49,70,104,37,49,57,53,58,80,73,68,62,141,74,125,105,
45,66,116,38,54,56,58,62,85,74,64,74,140,80,131,106,
47,68,124,51,67,58,71,75,98,87,66,82,142,78,129,119,
47,68,102,39,47,55,51,56,78,75,66,60,139,72,123,107,
42,63,114,46,59,43,63,68,90,82,61,72,127,60,111,114,
58,79,140,62,78,69,82,86,109,98,21,98,153,97,146,130,
44,65,126,48,64,55,68,72,95,84,59,84,139,83,132,116,
49,70,115,37,53,60,57,61,84,73,68,73,144,86,137,105,
44,65,109,32,48,55,52,56,79,68,63,67,139,79,130,100,
68,89,84,6,27,79,31,30,70,68,87,42,163,81,156,100,
66,87,82,4,25,77,29,28,68,66,85,40,161,79,154,98,
69,90,85,7,28,80,32,31,71,69,88,43,164,70,147,101,
70,91,93,15,36,84,40,39,79,77,96,51,171,90,164,109,
62,83,78,2,21,75,25,24,64,64,83,36,159,77,152,96,
71,92,71,35,51,82,55,59,82,29,90,29,166,88,159,61,
51,72,79,28,16,62,20,25,47,53,83,37,146,61,138,85,
55,76,85,26,20,66,24,29,51,59,81,43,149,55,132,91,
25,37,121,63,46,34,50,55,77,99,78,87,118,62,111,131,
42,63,90,28,7,53,11,16,36,64,94,48,137,70,130,96,
43,64,87,29,8,54,12,17,39,61,91,45,138,67,131,93,
42,63,90,26,5,53,9,14,38,64,94,48,137,70,130,96,
23,44,116,61,44,14,48,53,75,97,76,85,114,58,107,129,
22,43,113,60,43,17,47,52,74,96,75,84,113,57,106,128,
21,42,117,59,42,26,46,51,73,95,74,83,102,46,95,127,
27,46,123,65,48,34,52,57,79,101,80,89,94,38,87,133,
22,43,118,60,43,29,47,52,74,96,75,84,103,47,96,128,
30,51,105,59,46,25,50,49,82,104,83,89,121,65,114,136,
30,51,104,32,19,47,23,22,62,84,89,62,131,75,124,116,
45,32,133,83,66,52,70,75,97,119,98,104,80,20,69,151,
34,48,130,72,55,37,59,64,86,108,87,96,96,33,82,140,
70,35,168,114,99,89,103,104,130,152,131,140,143,87,136,184,
80,67,150,118,101,87,105,110,132,154,133,142,69,59,108,186,
83,70,153,121,104,90,108,113,135,157,136,145,68,62,111,189,
95,82,165,133,116,102,120,125,147,169,148,157,38,74,123,201,
90,77,160,128,111,97,115,120,142,164,143,152,33,69,118,196,
86,73,156,124,107,93,111,116,138,160,139,148,35,65,114,192,
74,61,144,112,95,81,99,104,126,148,127,136,47,53,102,180,
73,60,143,111,94,80,98,103,125,147,126,135,49,52,101,179,
101,88,171,139,122,108,126,131,153,175,154,163,118,80,129,207,
67,54,137,105,88,74,92,97,119,141,120,129,82,46,95,173,
69,56,139,107,90,76,94,99,121,143,122,131,86,48,97,175,
65,52,119,103,86,72,90,95,117,139,118,127,82,44,93,171,
115,136,15,63,78,126,82,81,111,69,146,27,206,117,194,101,
80,101,68,81,95,94,99,98,138,143,139,110,155,117,166,175,
44,65,72,45,59,58,63,62,102,107,103,81,145,89,138,139,
54,75,80,55,69,68,73,72,112,117,113,91,155,99,148,149,
40,61,123,51,38,57,42,41,81,103,99,81,141,85,134,135,
84,105,90,28,43,101,47,46,86,82,111,48,185,105,178,114,
33,54,106,66,53,24,57,56,85,107,86,95,124,68,117,139,
42,63,74,43,57,56,61,60,100,105,101,79,143,87,136,137,
56,77,124,84,71,70,75,74,114,136,115,114,157,101,150,168,
48,69,103,38,48,56,52,57,79,74,67,61,140,73,124,106,
46,67,107,34,50,57,54,58,81,70,65,65,141,77,128,102,
48,69,101,40,46,56,50,55,77,74,67,59,140,71,124,106,
49,70,104,41,49,57,53,58,80,77,68,62,141,74,125,109,
37,58,124,57,58,32,62,67,89,93,72,83,116,49,100,125,
45,66,112,49,57,46,61,66,88,85,64,70,130,63,114,117,
63,84,145,67,83,74,87,91,114,103,16,103,158,102,151,135,
47,68,129,51,67,58,71,75,98,87,62,87,142,86,135,119,
49,70,131,53,69,60,73,77,100,89,64,89,144,88,137,121,
45,66,110,33,49,56,53,57,80,69,64,68,140,80,131,101,
46,67,111,34,50,57,54,58,81,70,65,69,141,81,132,102,
70,91,86,8,29,81,33,32,72,70,89,44,165,71,148,102,
74,95,90,12,33,85,37,36,71,68,93,48,159,65,142,100,
63,84,95,22,43,77,47,46,86,84,103,58,164,97,157,116,
59,80,75,3,18,76,22,21,61,63,86,33,160,80,153,95,
78,99,64,42,49,89,53,56,80,22,97,22,173,85,162,54,
54,75,76,31,19,65,23,28,50,50,86,34,149,64,141,82,
50,71,80,29,15,61,19,24,46,54,84,38,145,60,137,86,
54,75,84,27,19,65,23,28,50,58,82,42,149,56,133,90,
60,81,82,27,25,71,29,34,56,55,86,40,144,50,127,87,
62,83,110,48,27,73,31,36,16,84,114,68,157,90,150,116,
44,65,88,30,9,55,13,18,40,62,92,46,139,68,132,94,
45,66,85,31,10,56,14,19,41,59,89,43,140,65,133,91,
47,68,93,21,2,58,4,9,43,69,99,51,142,75,135,101,
26,47,113,64,47,17,51,56,78,100,79,88,117,61,110,132,
29,50,122,67,50,8,54,59,81,103,82,91,120,58,109,135,
23,44,112,61,44,18,48,53,75,97,76,85,114,58,107,129,
22,43,118,60,43,25,47,52,74,96,75,84,103,45,96,128,
29,50,106,60,47,24,51,50,81,103,82,90,120,64,113,135,
39,60,95,23,10,56,14,13,53,75,98,53,140,84,133,107,
48,35,136,86,69,51,73,78,100,116,101,101,83,17,66,148,
35,49,131,73,56,36,60,65,87,109,88,97,97,32,81,141,
81,46,179,125,110,100,114,115,141,163,142,151,154,98,147,195,
79,66,149,117,100,86,104,109,131,153,132,141,70,58,107,185,
84,71,154,122,105,91,109,114,136,158,137,146,69,63,112,190,
104,91,174,142,125,111,129,134,156,178,157,166,47,83,132,210,
89,76,159,127,110,96,114,119,141,163,142,151,32,68,117,195,
85,72,155,123,106,92,110,115,137,159,138,147,36,64,113,191,
87,74,157,125,108,94,112,117,139,161,140,149,34,66,115,193,
112,99,182,150,133,119,137,142,164,186,165,174,129,91,140,218,
68,55,138,106,89,75,93,98,120,142,121,130,81,47,96,174,
68,55,122,106,89,75,93,98,120,142,121,130,85,47,96,174,
112,133,18,60,75,123,79,78,108,66,143,24,207,114,191,98,
87,108,75,88,102,101,106,105,145,150,146,117,162,124,173,182,
43,64,73,44,58,57,62,61,101,106,102,80,144,88,137,138,
68,89,78,69,83,82,87,86,126,126,127,84,169,113,162,158,
68,89,105,33,40,85,44,43,83,79,116,63,169,110,162,111,
70,91,76,14,29,87,33,32,72,68,97,34,171,91,164,100,
32,53,107,67,53,23,57,57,84,106,85,94,123,67,116,138,
48,69,80,37,58,62,62,61,101,99,107,73,149,93,142,131,
57,78,125,85,72,71,76,75,115,137,116,115,158,102,151,169,
49,70,104,39,49,57,53,58,80,75,68,62,141,74,125,107,
54,75,115,56,60,55,64,69,91,88,73,73,139,72,123,120,
49,70,100,41,45,57,49,54,76,73,68,58,141,70,125,105,
51,72,106,43,51,59,55,60,82,79,70,64,143,76,127,111,
33,53,129,71,54,32,58,63,85,107,86,95,101,34,85,139,
24,45,111,62,45,19,49,54,76,98,77,86,115,59,108,130,
46,67,111,50,56,47,60,65,87,84,65,69,131,64,115,116,
46,67,113,50,58,47,62,67,89,86,65,71,131,64,115,118,
78,99,160,82,98,89,102,106,129,118,31,118,173,117,166,150,
65,86,147,69,85,76,89,93,116,105,14,105,160,104,153,137,
49,70,131,53,69,60,73,77,100,89,64,89,144,88,137,121,
50,71,132,54,70,61,74,78,101,90,65,90,145,89,138,122,
53,74,118,41,57,64,61,65,88,77,72,76,148,88,139,109,
67,88,111,35,32,78,36,41,63,85,115,69,162,91,155,117,
63,84,83,24,28,74,32,37,59,56,89,41,147,53,130,88,
67,88,99,26,47,81,51,50,90,88,107,62,168,101,161,120,
60,81,92,25,46,74,50,49,89,87,106,61,161,100,154,119,
55,76,79,7,14,72,18,17,57,59,90,37,156,84,149,91,
60,81,74,4,19,77,23,22,62,64,87,32,161,81,154,96,
79,100,63,43,48,90,52,55,79,21,98,21,174,84,161,53,
81,102,65,45,50,92,54,57,81,23,100,23,176,86,163,55,
55,76,75,32,20,66,24,29,51,49,87,33,150,65,142,81,
51,72,81,30,16,62,20,25,47,55,85,39,146,59,136,87,
47,68,83,32,12,58,16,21,43,57,87,41,142,63,135,89,
69,87,91,36,34,80,38,43,65,64,95,49,135,41,118,96,
61,82,81,28,26,72,30,35,57,54,87,39,145,51,128,86,
63,84,111,49,28,74,32,37,15,85,115,69,158,91,151,117,
55,76,99,41,20,66,24,29,51,73,103,57,150,79,143,105,
54,75,94,40,19,65,23,28,50,68,98,52,149,74,142,100,
46,67,84,32,11,57,15,20,42,58,88,42,141,64,134,90,
48,69,94,22,1,59,3,10,44,70,100,52,143,76,136,102,
46,67,90,18,3,61,7,6,46,70,101,48,145,78,138,102,
30,51,109,68,51,21,55,59,82,104,83,92,121,65,114,136,
37,58,130,75,58,4,62,67,89,111,90,99,128,66,117,143,
32,53,128,70,53,15,57,62,84,106,85,94,113,51,102,138,
23,44,119,61,44,24,48,53,75,97,76,85,104,44,95,129,
28,49,107,61,48,23,52,51,80,102,81,90,119,63,112,134,
40,61,94,22,9,57,13,12,52,74,99,52,141,84,134,106,
40,45,136,78,61,41,65,70,92,114,93,102,93,27,76,146,
49,36,137,87,70,52,74,79,101,117,102,102,84,18,65,149,
49,36,137,87,70,50,74,79,101,115,102,100,84,16,67,147,
84,49,182,128,113,103,117,118,144,166,145,154,157,101,150,198,
83,48,181,127,112,102,116,117,143,165,144,153,156,100,149,197,
88,75,158,126,109,95,113,118,140,162,141,150,33,67,116,194,
90,77,160,128,111,97,115,120,142,164,143,152,31,69,118,196,
88,75,158,126,109,95,113,118,140,162,141,150,33,67,116,194,
69,56,139,107,90,76,94,99,121,143,122,131,82,48,97,175,
92,79,146,130,113,99,117,122,144,166,145,154,109,71,120,198,
99,120,31,47,62,110,66,65,95,53,130,11,194,101,178,85,
118,139,24,66,81,129,85,84,114,72,149,30,213,120,197,104,
92,113,80,93,107,106,111,110,150,155,151,122,167,129,178,187,
82,103,64,83,97,96,101,100,140,112,141,70,183,127,176,144,
69,90,79,70,84,83,88,87,127,127,128,85,170,114,163,159,
61,82,85,13,20,78,24,23,63,59,96,43,162,90,155,91,
64,85,70,8,23,81,27,26,66,62,91,28,165,85,158,94,
31,52,108,68,52,22,56,58,83,105,84,93,122,66,115,137,
55,76,87,30,51,69,55,54,94,92,111,66,156,100,149,124,
48,69,109,52,54,49,58,63,85,82,67,67,133,66,117,114,
73,94,124,65,69,81,73,78,100,97,92,82,165,94,149,129,
51,72,98,43,43,59,47,52,74,71,70,56,143,68,127,103,
58,79,113,50,58,66,62,67,89,86,77,71,150,83,134,118,
53,74,108,45,53,61,57,62,84,81,72,66,145,78,129,113,
38,49,134,76,59,37,63,68,90,112,91,100,97,29,80,144,
24,45,120,62,45,23,49,54,76,98,77,86,105,43,94,130,
34,55,121,72,55,29,59,64,86,108,87,96,125,69,118,140,
47,68,110,51,55,48,59,64,86,83,66,68,132,65,116,115,
47,68,114,51,59,48,63,68,90,87,66,72,132,65,116,119,
84,105,166,88,104,95,108,112,135,124,37,124,179,123,172,156,
78,99,160,82,98,89,102,106,129,118,27,118,173,117,166,150,
68,89,150,72,88,79,92,96,119,108,11,108,163,107,156,140,
51,72,133,55,71,62,75,79,102,91,66,91,146,90,139,123,
57,78,122,45,61,68,65,69,92,81,76,80,152,92,143,113,
69,90,113,37,34,80,38,43,65,87,117,71,164,93,157,119,
63,84,107,39,28,74,32,37,59,81,111,65,158,87,151,113,
64,85,84,25,29,75,33,38,60,57,90,42,148,54,131,89,
64,85,83,25,29,75,33,38,60,56,90,41,148,54,131,88,
66,87,80,27,31,77,35,40,62,53,92,38,150,56,133,85,
72,93,104,31,52,86,56,55,95,93,112,67,173,106,166,125,
58,79,82,10,17,75,21,20,60,56,93,40,159,87,152,88,
54,75,80,8,13,71,17,16,56,60,91,38,155,85,148,92,
64,85,78,8,23,81,27,26,66,68,91,36,165,85,158,100,
61,82,73,5,20,78,24,23,63,65,88,31,162,82,155,97,
96,117,80,60,65,107,69,72,96,4,115,38,191,101,178,36,
80,101,62,44,47,91,51,54,78,22,99,20,175,83,160,54,
81,102,65,45,50,92,54,57,81,23,100,23,176,86,163,55,
94,115,78,58,63,105,67,70,94,36,113,36,189,99,176,68,
84,105,68,48,53,95,57,60,84,26,103,26,179,89,166,58,
62,83,68,39,27,73,31,36,58,42,94,26,157,68,145,74,
75,81,97,42,40,86,44,49,71,70,101,55,129,35,112,102,
75,82,97,42,40,86,44,49,71,70,101,55,130,36,113,102,
63,84,79,29,28,74,32,37,59,52,89,37,147,53,130,84,
62,83,82,29,27,73,31,36,58,55,86,40,146,52,129,87,
64,85,112,50,29,75,33,38,14,86,116,70,159,92,152,118,
56,77,100,42,21,67,25,30,52,74,104,58,151,80,144,106,
51,72,97,25,4,62,6,13,47,73,103,55,146,79,139,105,
49,70,95,23,2,60,4,11,45,71,101,53,144,77,137,103,
45,66,89,17,4,62,8,7,47,69,100,47,146,79,139,101,
50,71,94,22,7,65,11,2,50,74,105,52,149,82,142,106,
40,61,133,78,61,3,65,70,92,114,93,102,131,69,120,146,
39,60,132,77,60,2,64,69,91,113,92,101,130,68,119,145,
41,62,95,23,10,58,14,13,53,75,100,53,142,85,135,107,
41,62,93,21,8,58,12,11,51,73,100,51,142,83,135,105,
41,46,137,79,62,42,66,71,93,115,94,103,94,28,77,147,
61,48,149,99,82,64,86,91,113,129,114,114,96,30,53,161,
88,75,176,126,109,91,113,118,140,156,141,141,123,57,26,188,
52,39,139,84,73,53,77,82,104,112,105,97,87,13,70,144,
85,50,183,129,114,104,118,119,145,167,146,155,158,102,151,199,
89,54,187,133,118,108,122,123,149,171,150,159,162,106,155,203,
92,79,162,130,113,99,117,122,144,166,145,154,37,71,120,198,
91,78,161,129,112,98,116,121,143,165,144,153,30,70,119,197,
89,76,159,127,110,96,114,119,141,163,142,151,32,68,117,195,
70,57,140,108,91,77,95,100,122,144,123,132,83,49,98,176,
104,91,158,142,125,111,129,134,156,178,157,166,121,83,132,210,
107,128,39,55,70,118,74,73,103,61,138,19,202,109,186,93,
98,119,32,46,61,109,65,64,94,52,129,10,193,100,177,84,
114,135,35,77,92,128,96,95,125,83,160,41,215,131,208,115,
118,139,28,70,85,132,89,88,118,76,153,34,217,124,201,108,
106,127,94,107,121,120,125,124,164,169,165,136,181,143,192,201,
84,105,62,85,99,98,103,102,142,110,143,68,185,129,178,142,
71,92,81,72,86,85,90,89,129,129,130,87,172,116,165,161,
71,92,81,72,86,85,90,89,129,129,130,87,172,116,165,161,
67,88,67,11,26,84,30,29,69,59,94,25,168,88,161,91,
49,70,108,53,53,50,57,62,84,81,68,66,134,67,118,113,
52,73,99,44,44,59,48,53,75,72,71,57,143,69,127,104,
57,78,112,49,57,65,61,66,88,85,76,70,149,82,133,117,
39,50,135,77,60,38,64,69,91,113,92,101,98,28,81,145,
35,56,122,73,56,30,60,65,87,109,88,97,126,70,119,141,
40,61,127,78,61,35,65,70,92,114,93,102,131,75,124,146,
48,69,115,52,60,49,64,69,91,88,67,73,133,66,117,120,
79,100,161,83,99,90,103,107,130,119,28,119,174,118,167,151,
69,90,151,73,89,80,93,97,120,109,10,109,164,108,157,141,
56,77,138,60,76,67,80,84,107,96,71,96,151,95,144,128,
70,91,114,38,35,81,39,44,66,88,118,72,165,94,158,120,
64,85,108,40,29,75,33,38,60,82,112,66,159,88,152,114,
65,86,82,26,30,76,34,39,61,55,91,40,149,55,132,87,
69,90,73,34,34,80,38,43,65,46,95,31,153,59,136,78,
74,95,106,33,54,88,58,57,97,95,114,69,175,108,168,127,
60,81,82,12,19,77,23,22,62,54,95,40,161,89,154,86,
53,74,81,9,12,70,16,15,55,61,92,39,154,86,147,93,
67,88,81,11,26,84,30,29,69,71,94,39,168,88,161,103,
66,87,78,10,25,83,29,28,68,70,93,36,167,87,160,102,
98,119,82,62,67,109,71,74,98,2,117,40,193,103,180,34,
81,102,63,45,48,92,52,55,79,23,100,21,176,84,161,55,
79,100,59,41,44,90,48,51,75,25,102,17,174,80,157,57,
83,104,67,47,52,94,56,59,83,25,102,25,178,88,165,57,
84,105,68,48,53,95,57,60,84,26,103,26,179,89,166,58,
102,123,86,66,71,113,75,78,102,44,121,44,197,107,184,76,
88,109,72,52,57,99,61,64,88,30,107,30,183,93,170,62,
64,85,66,41,29,75,33,38,60,40,96,24,159,66,143,72,
77,79,99,44,42,88,46,51,73,72,103,57,127,33,110,104,
66,87,114,52,31,77,35,40,12,88,118,72,161,94,154,120,
67,88,115,53,32,78,36,41,17,89,119,73,162,95,155,121,
59,80,103,45,24,70,28,33,55,77,107,61,154,83,147,109,
50,71,84,12,9,67,13,12,52,64,95,42,151,84,144,96,
44,65,90,18,5,61,9,8,48,70,101,48,145,80,138,102,
52,73,96,24,9,67,13,4,52,76,107,54,151,84,144,108,
43,64,136,81,64,6,68,73,95,117,96,105,134,72,123,149,
42,63,96,24,11,59,15,14,54,76,101,54,143,86,136,108,
42,63,92,20,7,59,11,10,50,72,101,50,143,82,136,104,
42,47,138,80,63,43,67,72,94,116,95,104,95,29,78,148,
62,49,150,100,83,65,87,92,114,130,115,115,97,31,52,162,
62,49,150,100,83,65,87,92,114,130,115,115,97,31,52,162,
87,74,175,125,108,90,112,117,139,155,140,140,122,56,27,187,
95,82,183,133,116,98,120,125,147,163,148,148,130,64,19,195,
45,48,141,83,66,44,70,75,97,119,98,106,96,22,79,151,
60,47,146,91,81,61,85,90,112,119,113,104,95,20,78,151,
53,40,138,83,74,54,78,83,105,111,106,96,88,12,71,143,
89,54,187,133,118,108,122,123,149,171,150,159,162,106,155,203,
95,60,193,139,124,114,128,129,155,177,156,165,168,112,161,209,
90,55,188,134,119,109,123,124,150,172,151,160,163,107,156,204,
92,57,190,136,121,111,125,126,152,174,153,162,165,109,158,206,
93,80,163,131,114,100,118,123,145,167,146,155,38,72,121,199,
92,79,162,130,113,99,117,122,144,166,145,154,29,71,120,198,
90,77,160,128,111,97,115,120,142,164,143,152,33,69,118,196,
96,83,166,134,117,103,121,126,148,170,149,158,25,75,124,202,
72,59,142,110,93,79,97,102,124,146,125,134,85,51,100,178,
121,142,53,69,84,132,88,87,117,75,152,33,216,123,200,107,
94,115,36,42,57,105,61,60,90,48,125,6,189,96,173,80,
135,156,67,83,98,146,102,101,131,89,166,47,230,137,214,121,
113,134,36,78,93,127,97,96,126,84,161,42,214,132,207,116,
116,137,30,72,87,130,91,90,120,78,155,36,217,126,203,110,
112,133,100,113,127,126,131,130,170,175,171,142,187,149,198,207,
90,111,56,91,105,104,109,108,146,104,149,62,191,135,184,136,
79,100,89,80,94,93,98,97,137,137,138,95,180,124,173,169,
75,96,85,76,90,89,94,93,133,133,134,91,176,120,169,165,
88,109,98,89,103,102,107,106,146,146,147,104,189,133,182,178,
84,105,46,32,47,95,51,50,80,38,115,4,179,86,163,70,
69,90,69,13,28,86,32,31,71,61,96,27,170,90,163,93,
54,75,113,58,58,55,62,67,89,86,73,71,139,72,123,118,
52,73,105,50,50,53,54,59,81,78,71,63,137,70,121,110,
58,79,106,51,51,59,55,60,82,79,77,64,143,76,127,111,
41,52,137,79,62,40,66,71,93,115,94,103,100,30,83,147,
41,62,128,79,62,36,66,71,93,115,94,103,132,76,125,147,
70,91,152,74,90,81,94,98,121,110,9,110,165,109,158,142,
59,80,141,63,79,70,83,87,110,99,74,99,154,98,147,131,
72,93,116,40,37,83,41,46,68,90,120,74,167,96,160,122,
72,93,116,40,37,83,41,46,68,90,120,74,167,96,160,122,
65,86,109,41,30,76,34,39,61,83,113,67,160,89,153,115,
69,90,86,30,34,80,38,43,65,59,95,44,153,59,136,91,
75,96,79,40,40,86,44,49,71,52,101,37,159,65,142,84,
70,91,72,35,35,81,39,44,66,46,96,30,154,60,137,78,
70,91,74,35,35,81,39,44,66,45,96,32,154,60,137,77,
81,102,113,40,61,95,65,64,104,102,121,76,182,115,175,134,
66,87,76,18,25,83,29,28,68,48,101,34,167,95,160,80,
52,73,82,10,11,69,15,14,54,62,93,40,153,86,146,94,
105,126,89,69,74,116,78,81,105,9,124,47,200,110,187,41,
99,120,83,63,68,110,72,75,99,1,118,41,194,104,181,33,
84,105,66,48,51,95,55,58,82,26,103,24,179,87,164,58,
80,101,60,42,45,91,49,52,76,29,106,18,170,76,153,61,
76,97,56,38,41,87,45,48,72,28,105,14,171,78,155,60,
84,105,68,48,53,95,57,60,84,26,103,26,179,89,166,58,
99,120,83,63,68,110,72,75,99,41,118,41,194,104,181,73,
89,110,73,53,58,100,62,65,89,31,108,31,184,94,171,63,
89,110,73,53,58,100,62,65,89,31,108,31,184,94,171,63,
67,88,63,44,32,78,36,41,63,37,99,21,162,69,146,69,
81,75,103,48,46,89,50,55,77,76,107,61,123,29,106,108,
78,99,126,64,43,89,47,52,24,100,130,84,173,106,166,132,
69,90,117,55,34,80,38,43,19,91,121,75,164,97,157,123,
51,72,83,11,10,68,14,13,53,63,94,41,152,85,145,95,
48,69,89,17,9,65,13,12,52,69,100,47,149,84,142,101,
43,64,91,19,6,60,10,9,49,71,102,49,144,81,137,103,
58,79,102,30,15,73,19,6,58,82,113,60,157,90,150,114,
47,68,101,29,16,64,20,19,59,81,106,59,148,91,141,113,
43,48,139,81,64,44,68,73,95,117,96,105,96,30,79,149,
80,67,168,118,101,83,105,110,132,148,133,133,115,49,34,180,
63,50,151,101,84,66,88,93,115,131,116,116,98,32,53,163,
71,58,159,109,92,74,96,101,123,139,124,124,106,40,43,171,
97,84,185,135,118,100,122,127,149,165,150,150,132,66,37,197,
92,79,180,130,113,95,117,122,144,160,145,145,127,61,32,192,
86,73,174,124,107,89,111,116,138,154,139,139,121,55,28,186,
97,84,185,135,118,100,122,127,149,165,150,150,132,66,17,197,
57,60,153,95,78,56,82,87,109,131,110,118,108,34,91,163,
58,45,133,78,76,59,80,85,107,106,111,91,93,7,76,138,
54,41,139,84,75,55,79,84,106,112,107,97,89,13,72,144,
94,59,192,138,123,113,127,128,154,176,155,164,167,111,160,208,
98,63,196,142,127,117,131,132,158,180,159,168,171,115,164,212,
97,62,195,141,126,116,130,131,157,179,158,167,170,114,163,211,
91,56,189,135,120,110,124,125,151,173,152,161,164,108,157,205,
93,58,191,137,122,112,126,127,153,175,154,163,166,110,159,207,
96,61,194,140,125,115,129,130,156,178,157,166,169,113,162,210,
95,60,193,139,124,114,128,129,155,177,156,165,168,112,161,209,
99,86,169,137,120,106,124,129,151,173,152,161,44,78,127,205,
93,80,163,131,114,100,118,123,145,167,146,155,30,72,121,199,
98,85,168,136,119,105,123,128,150,172,151,160,23,77,126,204,
105,92,175,143,126,112,130,135,157,179,158,167,17,84,133,211,
73,60,143,111,94,80,98,103,125,147,126,135,86,52,101,179,
122,143,54,70,85,133,89,88,118,76,153,34,217,124,201,108,
92,113,38,40,55,103,59,58,88,46,123,8,187,94,171,78,
92,113,38,40,55,103,59,58,88,46,123,4,187,94,171,78,
134,155,66,82,97,145,101,100,130,88,165,46,229,136,213,120,
140,161,72,88,103,151,107,106,136,94,171,52,235,142,219,126,
137,158,69,85,100,148,104,103,133,91,168,49,232,139,216,123,
112,133,37,79,94,126,98,97,127,85,162,43,213,133,206,117,
105,126,41,83,98,119,102,101,131,89,164,47,206,137,199,121,
118,139,32,74,89,132,93,92,122,80,157,38,219,128,205,112,
117,138,105,118,132,131,136,135,175,180,176,147,192,154,203,212,
92,113,54,93,107,106,111,110,144,102,151,60,193,137,186,134,
91,112,101,92,106,105,110,109,149,149,150,107,192,136,185,181,
82,103,48,34,47,93,51,52,78,36,113,6,177,84,161,68,
85,106,45,33,48,96,52,51,81,39,116,3,180,87,164,71,
76,97,76,20,35,93,39,38,78,68,103,34,177,97,170,100,
60,81,119,64,64,61,68,73,95,92,79,77,145,78,129,124,
62,83,110,55,55,63,59,64,86,83,81,68,147,80,131,115,
44,55,140,82,65,43,69,74,96,118,97,106,103,33,86,150,
81,102,163,85,101,92,105,109,132,121,20,121,176,120,169,153,
71,92,153,75,91,82,95,99,122,111,8,111,166,110,159,143,
60,81,142,64,80,71,84,88,111,100,75,100,155,99,148,132,
76,97,120,44,41,87,45,50,72,94,124,78,171,100,164,126,
74,95,91,35,39,85,43,48,70,64,100,49,158,64,141,96,
76,97,80,41,41,87,45,50,72,53,102,38,160,66,143,85,
77,98,79,42,42,88,46,51,73,53,103,37,161,67,144,85,
77,98,69,42,42,88,46,51,73,38,103,27,161,67,144,70,
73,94,77,38,38,84,42,47,69,47,99,35,157,63,140,79,
84,105,116,43,64,98,68,67,107,105,124,79,185,118,178,137,
69,90,73,21,28,86,32,31,71,45,104,31,170,95,163,77,
110,131,94,74,79,121,83,86,110,14,129,52,205,115,192,46,
107,128,91,71,76,118,80,83,107,11,126,49,202,112,189,43,
100,121,84,64,69,111,73,76,100,2,119,42,195,105,182,32,
80,101,66,45,45,91,49,54,76,35,106,24,164,70,147,67,
75,96,55,39,40,86,44,49,71,29,106,13,170,77,154,61,
77,98,57,37,42,88,46,47,73,29,106,15,172,79,156,61,
85,106,69,49,54,96,58,61,85,27,104,27,180,90,167,59,
96,117,80,60,65,107,69,72,96,38,115,38,191,101,178,70,
90,111,74,54,59,101,63,66,90,32,109,32,185,95,172,64,
68,89,64,45,33,79,37,42,64,38,100,22,163,70,147,70,
68,89,62,45,33,79,37,42,64,36,100,20,163,70,147,68,
83,77,105,50,48,91,52,57,79,78,109,63,125,31,108,110,
79,66,112,57,55,80,59,64,86,85,116,70,114,20,97,117,
83,77,105,50,48,91,52,57,79,78,109,63,125,31,108,110,
90,111,138,76,55,101,59,64,40,112,142,96,185,118,178,144,
49,70,90,18,10,66,14,13,53,70,101,48,150,85,143,102,
59,80,103,31,16,74,20,7,59,83,114,61,158,91,151,115,
93,80,181,131,114,96,118,123,145,161,146,146,128,62,21,193,
72,59,160,110,93,75,97,102,124,140,125,125,107,41,42,172,
98,85,186,136,119,101,123,128,150,166,151,151,133,67,38,198,
93,80,181,131,114,96,118,123,145,161,146,146,128,62,33,193,
82,69,170,120,103,85,107,112,134,150,135,135,117,51,32,182,
98,85,186,136,119,101,123,128,150,166,151,151,133,67,16,198,
61,64,157,99,82,60,86,91,113,135,114,121,112,38,95,167,
59,46,132,77,75,60,79,84,106,105,112,90,94,6,77,137,
64,51,149,94,85,65,89,94,116,122,117,107,99,23,82,154,
96,61,194,140,125,115,129,130,156,178,157,166,169,113,162,210,
98,63,196,142,127,117,131,132,158,180,159,168,171,115,164,212,
101,66,199,145,130,120,134,135,161,183,162,171,174,118,167,215,
92,57,190,136,121,111,125,126,152,174,153,162,165,109,158,206,
94,59,192,138,123,113,127,128,154,176,155,164,167,111,160,208,
94,59,192,138,123,113,127,128,154,176,155,164,167,111,160,208,
110,75,208,154,139,129,143,144,170,192,171,180,183,127,176,224,
100,87,170,138,121,107,125,130,152,174,153,162,45,79,128,206,
98,85,168,136,119,105,123,128,150,172,151,160,35,77,126,204,
106,93,176,144,127,113,131,136,158,180,159,168,15,85,134,212,
107,94,177,145,128,114,132,137,159,181,160,169,15,86,135,213,
130,151,62,78,93,141,97,96,126,84,161,42,225,132,209,116,
91,112,39,39,54,102,58,57,87,45,122,9,186,93,170,77,
91,112,39,39,54,102,58,57,87,45,122,3,186,93,170,77,
136,157,68,84,99,147,103,102,132,90,167,48,231,138,215,122,
135,156,67,83,98,146,102,101,131,89,166,47,230,137,214,121,
135,156,67,83,98,146,102,101,131,89,166,47,230,137,214,121,
133,154,65,81,96,144,100,99,129,87,164,45,228,135,212,119,
142,163,74,90,105,153,109,108,138,96,173,54,237,144,221,128,
175,196,107,123,138,186,142,141,171,129,206,87,270,177,254,161,
138,159,70,86,101,149,105,104,134,92,169,50,233,140,217,124,
111,132,38,80,95,125,99,98,128,86,163,44,212,134,205,118,
107,128,43,85,100,121,104,103,133,91,166,49,208,139,201,123,
104,125,42,84,99,118,103,102,132,90,163,48,205,138,198,122,
119,140,33,75,90,133,94,93,123,81,158,39,220,129,206,113,
124,145,112,125,139,138,143,142,182,187,183,154,199,161,210,219,
119,140,107,120,134,133,138,137,177,182,178,149,194,156,205,214,
93,114,53,94,108,107,112,111,143,101,152,59,194,138,187,133,
97,118,107,98,112,111,116,115,155,155,156,113,198,142,191,187,
93,114,103,94,108,107,112,111,151,151,152,109,194,138,187,183,
81,102,49,35,46,92,50,53,77,35,112,7,176,83,160,67,
89,110,55,41,54,100,58,59,85,43,120,13,184,91,168,75,
87,108,43,35,50,98,54,53,83,41,118,5,182,89,166,73,
87,108,43,35,50,98,54,53,83,41,118,1,182,89,166,73,
85,106,85,29,44,102,48,47,87,77,112,43,186,106,179,109,
65,86,116,61,61,66,65,70,92,89,84,74,150,83,134,121,
64,85,112,57,57,65,61,66,88,85,83,70,149,82,133,117,
79,100,161,83,99,90,103,107,130,119,16,119,174,118,167,151,
72,93,154,76,92,83,96,100,123,112,9,112,167,111,160,144,
62,83,144,66,82,73,86,90,113,102,77,102,157,101,150,134,
83,104,100,44,48,94,52,57,79,73,109,58,167,73,150,105,
77,98,81,42,42,88,46,51,73,54,103,39,161,67,144,86,
78,99,80,43,43,89,47,52,74,54,104,38,162,68,145,86,
77,98,74,42,42,88,46,51,73,43,103,32,161,67,144,75,
75,96,79,40,40,86,44,49,71,49,101,37,159,65,142,81,
88,109,120,47,68,102,72,71,111,109,128,83,189,122,182,141,
87,108,119,46,67,101,71,70,110,108,127,82,188,121,181,140,
75,96,67,27,34,92,38,37,77,39,110,25,176,89,166,71,
74,95,78,26,33,91,37,36,76,50,109,36,175,100,168,82,
114,135,98,78,83,125,87,90,114,18,133,56,209,119,196,50,
109,130,93,73,78,120,82,85,109,13,128,51,204,114,191,45,
105,126,89,69,74,116,78,81,105,5,124,47,200,110,187,27,
83,104,69,48,48,94,52,57,79,38,109,27,167,73,150,70,
80,101,60,44,45,91,49,54,76,34,111,18,175,82,159,66,
78,99,58,36,43,89,47,46,74,30,107,16,173,80,157,62,
94,115,78,58,63,105,67,70,94,36,113,36,189,99,176,68,
91,112,75,55,60,102,64,67,91,33,110,33,186,96,173,65,
85,79,107,52,50,93,54,59,81,80,111,65,127,33,110,112,
71,58,120,65,63,72,67,72,94,93,124,78,106,12,89,125,
90,77,123,68,66,91,70,75,97,96,127,81,125,31,108,128,
85,79,107,52,50,93,54,59,81,80,111,65,127,33,110,112,
60,81,104,32,17,75,21,8,60,84,115,62,159,92,152,116,
101,88,189,139,122,104,126,131,153,169,154,154,136,70,13,201,
100,87,188,138,121,103,125,130,152,168,153,153,135,69,28,200,
81,68,169,119,102,84,106,111,133,149,134,134,116,50,33,181,
100,87,188,138,121,103,125,130,152,168,153,153,135,69,40,200,
103,90,191,141,124,106,128,133,155,171,156,156,138,72,11,203,
81,84,143,88,86,80,90,95,117,116,134,101,132,58,115,148,
62,49,129,74,72,63,76,81,103,102,115,87,97,3,80,134,
65,52,150,95,86,66,90,95,117,123,118,108,100,24,83,155,
97,62,195,141,126,116,130,131,157,179,158,167,170,114,163,211,
99,64,197,143,128,118,132,133,159,181,160,169,172,116,165,213,
112,77,210,156,141,131,145,146,172,194,173,182,185,129,178,226,
99,64,197,143,128,118,132,133,159,181,160,169,172,116,165,213,
95,60,193,139,124,114,128,129,155,177,156,165,168,112,161,209,
95,60,193,139,124,114,128,129,155,177,156,165,168,112,161,209,
116,81,214,160,145,135,149,150,176,198,177,186,189,133,182,230,
118,105,188,156,139,125,143,148,170,192,171,180,63,97,146,224,
99,86,169,137,120,106,124,129,151,173,152,161,36,78,127,205,
99,86,169,137,120,106,124,129,151,173,152,161,36,78,127,205,
112,99,182,150,133,119,137,142,164,186,165,174,9,91,140,218,
113,100,183,151,134,120,138,143,165,187,166,175,8,92,141,219,
90,111,40,38,53,101,57,56,86,44,121,8,185,92,169,76,
90,111,40,38,53,101,57,56,86,44,121,2,185,92,169,76,
137,158,69,85,100,148,104,103,133,91,168,49,232,139,216,123,
151,172,83,99,114,162,118,117,147,105,182,63,246,153,230,137,
188,209,120,136,151,199,155,154,184,142,219,100,283,190,267,174,
96,117,50,92,107,110,111,110,140,98,155,56,197,141,190,130,
112,133,39,81,96,126,100,99,129,87,164,45,213,135,206,119,
108,129,44,86,101,122,105,104,134,92,167,50,209,140,202,124,
102,123,44,86,101,116,105,104,134,92,161,50,203,140,196,124,
125,146,39,81,96,139,100,99,129,87,164,45,226,135,212,119,
125,146,113,126,140,139,144,143,183,188,184,155,200,162,211,220,
120,141,108,121,135,134,139,138,178,183,179,150,195,157,206,215,
114,135,124,115,129,128,133,132,172,172,173,130,215,159,208,204,
94,115,104,95,109,108,113,112,152,152,153,110,195,139,188,184,
95,116,105,96,110,109,114,113,153,153,154,111,196,140,189,185,
88,109,42,36,51,99,55,54,84,42,119,6,183,90,167,74,
88,109,42,36,51,99,55,54,84,42,119,2,183,90,167,74,
99,120,99,43,58,116,62,61,101,91,126,57,200,120,193,123,
88,109,88,32,47,105,51,50,90,77,115,46,189,109,182,109,
86,107,86,30,45,103,49,48,88,78,113,44,187,107,180,110,
66,87,117,62,62,67,66,71,93,90,85,75,151,84,135,122,
65,86,113,58,58,66,62,67,89,86,84,71,150,83,134,118,
73,94,155,77,93,84,97,101,124,113,10,113,168,112,161,145,
64,85,146,68,84,75,88,92,115,104,79,104,159,103,152,136,
63,84,145,67,83,74,87,91,114,103,78,103,158,102,151,135,
84,105,101,45,49,95,53,58,80,74,110,59,168,74,151,106,
80,101,84,45,45,91,49,54,76,57,106,42,164,70,147,89,
81,102,85,46,46,92,50,55,77,58,107,43,165,71,148,90,
79,100,81,44,44,90,48,53,75,55,105,39,163,69,146,87,
79,100,81,44,44,90,48,53,75,55,105,39,163,69,146,87,
82,103,79,47,47,93,51,56,78,48,108,37,166,72,149,80,
77,98,81,42,42,88,46,51,73,51,103,39,161,67,144,83,
94,115,126,53,74,108,78,77,117,115,134,89,195,128,188,147,
88,109,120,47,68,102,72,71,111,109,128,83,189,122,182,141,
92,113,124,51,72,106,76,75,115,113,132,87,193,126,186,145,
79,100,63,31,38,94,42,41,79,35,112,21,178,85,162,67,
77,98,69,29,36,94,40,39,79,41,112,27,178,91,168,73,
78,99,82,30,37,95,41,40,80,54,113,40,179,104,172,86,
117,138,101,81,86,128,90,93,117,21,136,59,212,122,199,53,
110,131,94,74,79,121,83,86,110,14,129,52,205,115,192,46,
111,132,95,75,80,122,84,87,111,15,130,53,206,116,193,47,
107,128,91,71,76,118,80,83,107,7,126,49,202,112,189,25,
94,115,80,59,59,105,63,68,90,49,120,38,178,84,161,81,
86,107,66,50,51,97,55,60,82,40,113,24,171,77,154,72,
80,101,60,38,45,91,49,48,76,32,109,18,175,82,159,64,
80,101,60,34,41,91,45,44,76,32,109,18,175,82,159,64,
95,116,79,59,64,106,68,71,95,37,114,37,190,100,177,69,
92,113,76,56,61,103,65,68,92,34,111,34,187,97,174,66,
92,113,76,56,61,103,65,68,92,34,111,34,187,97,174,66,
94,87,116,61,59,101,63,68,90,89,120,74,135,35,118,121,
70,57,121,66,64,71,68,73,95,94,123,79,105,11,88,126,
92,86,114,59,57,100,61,66,88,87,118,72,134,40,117,119,
62,83,106,34,19,77,23,10,62,86,117,64,161,94,154,118,
61,82,105,33,18,76,22,9,61,85,116,63,160,93,153,117,
104,91,192,142,125,107,129,134,156,172,157,157,139,73,10,204,
101,88,189,139,122,104,126,131,153,169,154,154,136,70,29,201,
92,79,180,130,113,95,117,122,144,160,145,145,127,61,44,192,
101,88,189,139,122,104,126,131,153,169,154,154,136,70,41,201,
109,96,197,147,130,112,134,139,161,177,162,162,144,78,49,209,
107,94,195,145,128,110,132,137,159,175,160,160,142,76,7,207,
105,92,193,143,126,108,130,135,157,173,158,158,140,74,9,205,
86,89,148,93,91,85,95,100,122,121,139,106,137,63,120,153,
82,85,142,87,85,81,89,94,116,115,135,100,133,57,116,147,
67,54,124,69,67,68,71,76,98,97,120,82,102,8,85,129,
63,50,130,75,73,64,77,82,104,103,116,88,98,2,81,135,
66,53,151,96,87,67,91,96,118,124,119,109,101,25,84,156,
109,74,207,153,138,128,142,143,169,191,170,179,182,126,175,223,
120,85,218,164,149,139,153,154,180,202,181,190,193,137,186,234,
112,77,210,156,141,131,145,146,172,194,173,182,185,129,178,226,
134,99,232,178,163,153,167,168,194,216,195,204,207,151,200,248,
96,61,194,140,125,115,129,130,156,178,157,166,169,113,162,210,
121,86,219,165,150,140,154,155,181,203,182,191,194,138,187,235,
119,106,189,157,140,126,144,149,171,193,172,181,64,98,147,225,
120,107,190,158,141,127,145,150,172,194,173,182,65,99,148,226,
101,88,171,139,122,108,126,131,153,175,154,163,38,80,129,207,
100,87,170,138,121,107,125,130,152,174,153,162,37,79,128,206,
119,106,189,157,140,126,144,149,171,193,172,181,16,98,147,225,
121,108,191,159,142,128,146,151,173,195,174,183,16,100,149,227,
89,110,41,37,52,100,56,55,85,43,120,7,184,91,168,75,
89,110,41,37,52,100,56,55,85,43,120,1,184,91,168,75,
139,160,71,87,102,150,106,105,135,93,170,51,234,141,218,125,
170,191,102,118,133,181,137,136,166,124,201,82,265,172,249,156,
152,173,84,100,115,163,119,118,148,106,183,64,247,154,231,138,
158,179,90,106,121,169,125,124,154,112,189,70,253,160,237,144,
120,141,47,89,104,134,108,107,137,95,172,53,221,143,214,127,
114,135,50,92,107,128,111,110,140,98,173,56,215,146,208,130,
142,163,56,98,113,156,117,116,146,104,181,62,243,152,229,136,
126,147,40,82,97,140,101,100,130,88,165,46,227,136,213,120,
129,150,117,130,144,143,148,147,187,192,188,159,204,166,215,224,
121,142,109,122,136,135,140,139,179,184,180,151,196,158,207,216,
119,140,129,120,134,133,138,137,177,177,178,135,220,164,213,209,
96,117,106,97,111,110,115,114,154,154,155,112,197,141,190,186,
96,117,96,40,55,113,59,58,98,88,123,54,197,117,190,120,
91,112,95,42,50,108,54,53,93,67,125,53,192,117,185,99,
89,110,89,33,48,106,52,51,91,77,116,47,190,110,183,109,
91,112,91,35,50,108,54,53,93,83,118,49,192,112,185,115,
66,87,114,59,59,67,63,68,90,87,85,72,151,84,135,119,
84,105,166,88,104,95,108,112,135,124,21,124,179,123,172,156,
75,96,157,79,95,86,99,103,126,115,12,115,170,114,163,147,
65,86,147,69,85,76,89,93,116,105,80,105,160,104,153,137,
85,106,102,46,50,96,54,59,81,75,111,60,169,75,152,107,
81,102,85,46,46,92,50,55,77,58,107,43,165,71,148,90,
84,105,88,49,49,95,53,58,80,61,110,46,168,74,151,93,
89,110,93,54,54,100,58,63,85,66,115,51,173,79,156,98,
81,102,83,46,46,92,50,55,77,57,107,41,165,71,148,89,
80,101,84,45,45,91,49,54,76,54,106,42,164,70,147,86,
89,110,121,48,69,103,73,72,112,110,129,84,190,123,183,142,
81,102,65,33,40,96,44,43,81,37,114,23,180,87,164,69,
80,101,62,32,39,93,43,42,78,34,111,20,177,84,161,66,
78,99,70,30,37,95,41,40,80,42,113,28,179,92,169,74,
82,103,86,34,41,99,45,44,84,58,117,44,183,108,176,90,
81,102,85,33,40,98,44,43,83,57,116,43,182,107,175,89,
111,132,95,75,80,122,84,87,111,15,130,53,206,116,193,47,
112,133,96,76,81,123,85,88,112,16,131,54,207,117,194,48,
110,131,94,74,79,121,83,86,110,10,129,52,205,115,192,28,
115,136,99,79,84,126,88,91,115,15,134,57,210,120,197,17,
97,118,83,62,62,108,66,71,93,52,123,41,181,87,164,84,
83,104,63,37,44,94,48,47,79,35,112,21,178,85,162,67,
93,114,77,57,62,104,66,69,93,35,112,35,188,98,175,67,
95,116,79,59,64,106,68,71,95,37,114,37,190,100,177,69,
95,86,117,62,60,100,64,69,91,90,121,75,134,34,117,122,
94,88,116,61,59,102,63,68,90,89,120,74,136,42,119,121,
93,87,115,60,58,101,62,67,89,88,119,73,135,41,118,120,
71,92,115,43,28,86,32,19,71,95,126,73,170,103,163,127,
65,86,109,37,22,80,26,13,65,89,120,67,164,97,157,121,
63,84,107,35,20,78,24,11,63,87,118,65,162,95,155,119,
105,92,193,143,126,108,130,135,157,173,158,158,140,74,9,205,
93,80,181,131,114,96,118,123,145,161,146,146,128,62,45,193,
99,86,187,137,120,102,124,129,151,167,152,152,134,68,51,199,
99,86,187,137,120,102,124,129,151,167,152,152,134,68,45,199,
110,97,198,148,131,113,135,140,162,178,163,163,145,79,50,210,
116,103,204,154,137,119,141,146,168,184,169,169,151,85,16,216,
111,98,199,149,132,114,136,141,163,179,164,164,146,80,3,211,
106,93,194,144,127,109,131,136,158,174,159,159,141,75,8,206,
108,95,196,146,129,111,133,138,160,176,161,161,143,77,12,208,
109,96,197,147,130,112,134,139,161,177,162,162,144,78,5,209,
92,95,132,77,75,91,79,84,106,105,136,90,143,47,126,137,
83,86,143,88,86,82,90,95,117,116,136,101,134,58,117,148,
65,52,132,77,75,66,79,84,106,105,118,90,100,2,83,137,
67,54,152,97,88,68,92,97,119,125,120,110,102,26,85,157,
67,54,152,97,88,68,92,97,119,125,120,110,102,26,85,157,
111,76,209,155,140,130,144,145,171,193,172,181,184,128,177,225,
112,77,210,156,141,131,145,146,172,194,173,182,185,129,178,226,
146,111,244,190,175,165,179,180,206,228,207,216,219,163,212,260,
129,94,227,173,158,148,162,163,189,211,190,199,202,146,195,243,
137,102,235,181,166,156,170,171,197,219,198,207,210,154,203,251,
97,62,195,141,126,116,130,131,157,179,158,167,170,114,163,211,
125,90,223,169,154,144,158,159,185,207,186,195,198,142,191,239,
120,107,190,158,141,127,145,150,172,194,173,182,65,99,148,226,
121,108,191,159,142,128,146,151,173,195,174,183,66,100,149,227,
121,108,191,159,142,128,146,151,173,195,174,183,66,100,149,227,
102,89,172,140,123,109,127,132,154,176,155,164,39,81,130,208,
102,89,172,140,123,109,127,132,154,176,155,164,39,81,130,208,
101,88,171,139,122,108,126,131,153,175,154,163,38,80,129,207,
120,107,190,158,141,127,145,150,172,194,173,182,17,99,148,226,
131,118,201,169,152,138,156,161,183,205,184,193,10,110,159,237,
146,167,78,94,109,157,113,112,142,100,177,58,241,148,225,132,
156,177,88,104,119,167,123,122,152,110,187,68,251,158,235,142,
187,208,119,135,150,198,154,153,183,141,218,99,282,189,266,173,
176,197,108,124,139,187,143,142,172,130,207,88,271,178,255,162,
121,142,48,90,105,135,109,108,138,96,173,54,222,144,215,128,
119,140,55,97,112,133,116,115,145,103,178,61,220,151,213,135,
144,165,58,100,115,158,119,118,148,106,183,64,245,154,231,138,
146,167,60,102,117,160,121,120,150,108,185,66,247,156,233,140,
133,154,47,89,104,147,108,107,137,95,172,53,234,143,220,127,
122,143,110,123,137,136,141,140,180,185,181,152,197,159,208,217,
88,109,92,40,47,105,51,50,90,64,123,50,189,114,182,96,
95,116,99,46,54,112,58,57,97,71,129,57,196,121,189,103,
90,111,90,34,49,107,53,52,92,76,117,48,191,111,184,108,
78,99,126,71,71,79,75,80,102,99,97,84,163,96,147,131,
85,106,167,89,105,96,109,113,136,125,22,125,180,124,173,157,
66,87,148,70,86,77,90,94,117,106,81,106,161,105,154,138,
66,87,148,70,86,77,90,94,117,106,81,106,161,105,154,138,
87,108,104,48,52,98,56,61,83,77,113,62,171,77,154,109,
82,103,86,47,47,93,51,56,78,59,108,44,166,72,149,91,
85,106,89,50,50,96,54,59,81,62,111,47,169,75,152,94,
90,111,94,55,55,101,59,64,86,67,116,52,174,80,157,99,
90,111,94,55,55,101,59,64,86,67,116,52,174,80,157,99,
90,111,122,49,70,104,74,73,113,111,130,85,191,124,184,143,
82,103,66,34,41,97,45,44,82,38,115,24,181,88,165,70,
81,102,63,33,40,94,44,43,79,35,112,21,178,85,162,67,
84,105,88,36,43,101,47,46,86,60,119,46,185,110,178,92,
82,103,86,34,41,99,45,44,84,58,117,44,183,108,176,90,
112,133,96,76,81,123,85,88,112,16,131,54,207,117,194,48,
114,135,98,78,83,125,87,90,114,18,133,56,209,119,196,50,
111,132,95,75,80,122,84,87,111,11,130,53,206,116,193,29,
118,139,102,82,87,129,91,94,118,18,137,60,213,123,200,14,
119,140,103,83,88,130,92,95,119,19,138,61,214,124,201,21,
96,117,80,60,65,107,69,72,96,38,115,38,191,101,178,70,
112,103,134,79,77,117,81,86,108,107,138,92,151,51,134,139,
96,85,118,63,61,99,65,70,92,91,122,76,133,33,116,123,
94,88,116,61,59,102,63,68,90,89,120,74,136,42,119,121,
68,89,112,40,25,83,29,16,68,92,123,70,167,100,160,124,
94,81,182,132,115,97,119,124,146,162,147,147,129,63,46,194,
103,90,191,141,124,106,128,133,155,171,156,156,138,72,55,203,
97,84,185,135,118,100,122,127,149,165,150,150,132,66,47,197,
115,102,203,153,136,118,140,145,167,183,168,168,150,84,55,215,
117,104,205,155,138,120,142,147,169,185,170,170,152,86,17,217,
112,99,200,150,133,115,137,142,164,180,165,165,147,81,8,212,
114,101,202,152,135,117,139,144,166,182,167,167,149,83,6,214,
113,100,201,151,134,116,138,143,165,181,166,166,148,82,15,213,
110,97,198,148,131,113,135,140,162,178,163,163,145,79,10,210,
93,96,131,76,74,92,78,83,105,104,135,89,144,46,127,136,
84,87,144,89,87,83,91,96,118,117,137,102,135,59,118,149,
85,88,145,90,88,84,92,97,119,118,138,103,136,60,119,150,
66,53,133,78,76,67,80,85,107,106,119,91,101,1,84,138,
68,55,153,98,89,69,93,98,120,126,121,111,103,27,86,158,
68,55,153,98,89,69,93,98,120,126,121,111,103,27,86,158,
68,55,153,98,89,69,93,98,120,126,121,111,103,27,86,158,
68,55,153,98,89,69,93,98,120,126,121,111,103,27,86,158,
150,115,248,194,179,169,183,184,210,232,211,220,223,167,216,264,
114,79,212,158,143,133,147,148,174,196,175,184,187,131,180,228,
130,95,228,174,159,149,163,164,190,212,191,200,203,147,196,244,
139,104,237,183,168,158,172,173,199,221,200,209,212,156,205,253,
98,63,196,142,127,117,131,132,158,180,159,168,171,115,164,212,
126,91,224,170,155,145,159,160,186,208,187,196,199,143,192,240,
121,108,191,159,142,128,146,151,173,195,174,183,66,100,149,227,
121,108,191,159,142,128,146,151,173,195,174,183,66,100,149,227,
123,110,193,161,144,130,148,153,175,197,176,185,68,102,151,229,
123,110,193,161,144,130,148,153,175,197,176,185,68,102,151,229,
122,109,192,160,143,129,147,152,174,196,175,184,67,101,150,228,
102,89,172,140,123,109,127,132,154,176,155,164,39,81,130,208,
121,108,191,159,142,128,146,151,173,195,174,183,18,100,149,227,
134,121,204,172,155,141,159,164,186,208,187,196,13,113,162,240,
148,169,80,96,111,159,115,114,144,102,179,60,243,150,227,134,
154,175,86,102,117,165,121,120,150,108,185,66,249,156,233,140,
164,185,96,112,127,175,131,130,160,118,195,76,259,166,243,150,
168,189,100,116,131,179,135,134,164,122,199,80,263,170,247,154,
177,198,109,125,140,188,144,143,173,131,208,89,272,179,256,163,
126,147,53,95,110,140,114,113,143,101,178,59,227,149,220,133,
121,142,57,99,114,135,118,117,147,105,180,63,222,153,215,137,
148,169,62,104,119,162,123,122,152,110,187,68,249,158,235,142,
146,167,60,102,117,160,121,120,150,108,185,66,247,156,233,140,
153,174,67,109,124,167,128,127,157,115,192,73,254,163,240,147,
148,169,62,104,119,162,123,122,152,110,187,68,249,158,235,142,
139,160,53,95,110,153,114,113,143,101,178,59,240,149,226,133,
124,145,112,125,139,138,143,142,182,187,183,154,199,161,210,219,
96,117,100,47,55,113,59,58,98,72,130,58,197,122,190,104,
91,112,91,35,50,108,54,53,93,75,118,49,192,112,185,107,
67,88,149,71,87,78,91,95,118,107,82,107,162,106,155,139,
69,90,151,73,89,80,93,97,120,109,84,109,164,108,157,141,
69,90,151,73,89,80,93,97,120,109,84,109,164,108,157,141,
89,110,106,50,54,100,58,63,85,79,115,64,173,79,156,111,
85,106,89,50,50,96,54,59,81,62,111,47,169,75,152,94,
86,107,90,51,51,97,55,60,82,63,112,48,170,76,153,95,
88,109,92,53,53,99,57,62,84,65,114,50,172,78,155,97,
91,112,95,56,56,102,60,65,87,68,117,53,175,81,158,100,
91,112,95,56,56,102,60,65,87,68,117,53,175,81,158,100,
94,115,126,53,74,108,78,77,117,115,134,89,195,128,188,147,
83,104,67,35,42,98,46,45,83,39,116,25,182,89,166,71,
82,103,64,34,41,95,45,44,80,36,113,22,179,86,163,68,
88,109,92,40,47,105,51,50,90,64,123,50,189,114,182,96,
85,106,89,37,44,102,48,47,87,61,120,47,186,111,179,93,
83,104,87,35,42,100,46,45,85,59,118,45,184,109,177,91,
114,135,98,78,83,125,87,90,114,18,133,56,209,119,196,50,
115,136,99,79,84,126,88,91,115,19,134,57,210,120,197,51,
115,136,99,79,84,126,88,91,115,19,134,57,210,120,197,51,
116,137,100,80,85,127,89,92,116,16,135,58,211,121,198,34,
123,144,107,87,92,134,96,99,123,23,142,65,218,128,205,19,
131,152,115,95,100,142,104,107,131,31,150,73,226,136,213,3,
132,153,116,96,101,143,105,108,132,32,151,74,227,137,214,6,
121,142,105,85,90,132,94,97,121,21,140,63,216,126,203,23,
98,119,82,62,67,109,71,74,98,40,117,40,193,103,180,72,
115,106,137,82,80,120,84,89,111,110,141,95,154,54,137,142,
114,105,136,81,79,119,83,88,110,109,140,94,153,53,136,141,
94,97,130,75,73,93,77,82,104,103,134,88,145,45,128,135,
99,88,121,66,64,102,68,73,95,94,125,79,136,36,119,126,
95,89,117,62,60,103,64,69,91,90,121,75,137,43,120,122,
96,83,184,134,117,99,121,126,148,164,149,149,131,65,48,196,
110,97,198,148,131,113,135,140,162,178,163,163,145,79,62,210,
97,84,185,135,118,100,122,127,149,165,150,150,132,66,48,197,
130,117,218,168,151,133,155,160,182,198,183,183,165,99,30,230,
116,103,204,154,137,119,141,146,168,184,169,169,151,85,12,216,
118,105,206,156,139,121,143,148,170,186,171,171,153,87,4,218,
117,104,205,155,138,120,142,147,169,185,170,170,152,86,3,217,
114,101,202,152,135,117,139,144,166,182,167,167,149,83,14,214,
115,102,203,153,136,118,140,145,167,183,168,168,150,84,17,215,
112,99,200,150,133,115,137,142,164,180,165,165,147,81,12,212,
106,109,144,89,87,105,91,96,118,117,148,102,157,59,140,149,
94,97,132,77,75,93,79,84,106,105,136,90,145,47,128,137,
89,92,149,94,92,88,96,101,123,122,142,107,140,64,123,154,
86,89,146,91,89,85,93,98,120,119,139,104,137,61,120,151,
69,56,136,81,79,70,83,88,110,109,122,94,104,4,87,141,
68,55,135,80,78,69,82,87,109,108,121,93,103,3,86,140,
69,56,154,99,90,70,94,99,121,127,122,112,104,28,87,159,
69,56,154,99,90,70,94,99,121,127,122,112,104,28,87,159,
69,56,154,99,90,70,94,99,121,127,122,112,104,28,87,159,
69,56,154,99,90,70,94,99,121,127,122,112,104,28,87,159,
161,126,259,205,190,180,194,195,221,243,222,231,234,178,227,275,
161,126,259,205,190,180,194,195,221,243,222,231,234,178,227,275,
115,80,213,159,144,134,148,149,175,197,176,185,188,132,181,229,
131,96,229,175,160,150,164,165,191,213,192,201,204,148,197,245,
140,105,238,184,169,159,173,174,200,222,201,210,213,157,206,254,
99,64,197,143,128,118,132,133,159,181,160,169,172,116,165,213,
128,93,226,172,157,147,161,162,188,210,189,198,201,145,194,242,
122,109,192,160,143,129,147,152,174,196,175,184,67,101,150,228,
123,110,193,161,144,130,148,153,175,197,176,185,68,102,151,229,
123,110,193,161,144,130,148,153,175,197,176,185,68,102,151,229,
103,90,173,141,124,110,128,133,155,177,156,165,40,82,131,209,
103,90,173,141,124,110,128,133,155,177,156,165,40,82,131,209,
132,119,202,170,153,139,157,162,184,206,185,194,29,111,160,238,
137,124,207,175,158,144,162,167,189,211,190,199,16,116,165,243,
153,174,85,101,116,164,120,119,149,107,184,65,248,155,232,139,
158,179,90,106,121,169,125,124,154,112,189,70,253,160,237,144,
180,201,112,128,143,191,147,146,176,134,211,92,275,182,259,166,
176,197,108,124,139,187,143,142,172,130,207,88,271,178,255,162,
182,203,114,130,145,193,149,148,178,136,213,94,277,184,261,168,
179,200,111,127,142,190,146,145,175,133,210,91,274,181,258,165,
127,148,54,96,111,141,115,114,144,102,179,60,228,150,221,134,
126,147,62,104,119,140,123,122,152,110,185,68,227,158,220,142,
126,147,62,104,119,140,123,122,152,110,185,68,227,158,220,142,
147,168,61,103,118,161,122,121,151,109,186,67,248,157,234,141,
147,168,61,103,118,161,122,121,151,109,186,67,248,157,234,141,
156,177,70,112,127,170,131,130,160,118,195,76,257,166,243,150,
155,176,69,111,126,169,130,129,159,117,194,75,256,165,242,149,
152,173,66,108,123,166,127,126,156,114,191,72,253,162,239,146,
150,171,64,106,121,164,125,124,154,112,189,70,251,160,237,144,
141,162,55,97,112,155,116,115,145,103,180,61,242,151,228,135,
143,164,57,99,114,157,118,117,147,105,182,63,244,153,230,137,
127,148,115,128,142,141,146,145,185,190,186,157,202,164,213,222,
144,165,132,145,159,158,163,162,202,207,203,174,219,181,230,239,
97,118,101,48,56,114,60,59,99,73,131,59,198,123,191,105,
93,114,93,37,52,110,56,55,95,77,120,51,194,114,187,109,
68,89,150,72,88,79,92,96,119,108,83,108,163,107,156,140,
70,91,152,74,90,81,94,98,121,110,85,110,165,109,158,142,
72,93,154,76,92,83,96,100,123,112,87,112,167,111,160,144,
71,92,153,75,91,82,95,99,122,111,86,111,166,110,159,143,
104,125,121,65,69,115,73,78,100,94,130,79,188,94,171,126,
88,109,92,53,53,99,57,62,84,65,114,50,172,78,155,97,
87,108,91,52,52,98,56,61,83,64,113,49,171,77,154,96,
89,110,93,54,54,100,58,63,85,66,115,51,173,79,156,98,
95,116,99,60,60,106,64,69,91,72,121,57,179,85,162,104,
93,114,97,58,58,104,62,67,89,70,119,55,177,83,160,102,
88,109,72,40,47,103,51,50,88,44,121,30,187,94,171,76,
85,106,69,37,44,100,48,47,85,41,118,27,184,91,168,73,
94,115,98,46,53,111,57,56,96,70,129,56,195,120,188,102,
93,114,97,45,52,110,56,55,95,69,128,55,194,119,187,101,
84,105,88,36,43,101,47,46,86,60,119,46,185,110,178,92,
93,114,97,45,52,110,56,55,95,69,128,55,194,119,187,101,
126,147,110,90,95,137,99,102,126,30,145,68,221,131,208,62,
117,138,101,81,86,128,90,93,117,17,136,59,212,122,199,35,
135,156,119,99,104,146,108,111,135,35,154,77,230,140,217,3,
126,147,110,90,95,137,99,102,126,26,145,68,221,131,208,28,
99,120,83,63,68,110,72,75,99,41,118,41,194,104,181,73,
99,120,83,63,68,110,72,75,99,41,118,41,194,104,181,73,
